111	1	4	1
366	345	382	436	248	156	5	19	255	16	446	181	
-99	10	7	
481	16	5	
4184	7001	9547	

111	1	6	1
439	335	9	330	216	379	153	105	365	133	103	87	
3	-99	7	5	
9	481	153	216	
1970	603	603	29156	

111	1	8	1
346	437	414	152	90	42	280	327	65	35	209	220	
-99	
481	
42368	

111	1	10	1
443	59	63	44	340	227	319	250	234	276	236	426	
2	6	5	
59	227	340	
1124	763	6966	

111	1	11	1
58	301	268	148	33	350	233	121	186	79	158	252	
-99	
481	
42048	

111	1	13	1
151	296	333	164	390	109	159	282	163	134	13	215	
9	10	11	12	
163	134	13	215	
943	610	770	638	

111	1	15	1
161	213	129	273	127	196	364	86	434	320	61	260	
4	6	-99	
273	196	481	
1394	784	9929	

111	1	17	1
480	95	275	41	14	406	7	104	10	479	253	270	
4	5	12	11	
41	14	270	253	
1103	707	6453	4690	

111	1	20	1
93	3	28	310	37	290	157	349	462	230	191	430	
9	11	
462	191	
1665	673	

111	1	24	1
311	264	295	12	450	232	358	66	25	452	2	383	
7	8	11	6	2	
358	66	2	232	264	
1110	430	568	2831	1304	

111	1	25	1
291	165	372	369	274	198	80	114	336	182	347	116	
7	9	6	
80	336	198	
1984	1131	12170	

108	1	11	1
251	107	282	218	325	322	362	369	24	235	312	437	
11	8	1	3	
312	369	251	282	
12149	3233	3892	6702	

108	1	12	1
248	477	154	403	195	71	442	191	39	377	423	21	
6	3	12	7	6	-99	12	7	4	4	
71	154	21	442	71	481	21	442	403	403	
2706	596	777	895	4517	360	395	360	6938	1838	

108	1	14	1
203	232	247	124	272	97	143	221	186	410	15	296	
1	9	2	4	5	8	
203	186	232	124	272	221	
922	1089	1228	1221	1221	1602	

108	1	16	1
332	12	84	308	80	233	326	358	213	70	285	338	
1	4	9	11	
332	308	213	285	
1304	950	1117	1290	

108	1	19	1
225	160	446	243	207	468	289	231	136	265	422	242	
11	7	4	11	7	4	9	10	
422	289	243	422	289	243	136	265	
1804	1207	1519	4010	867	922	11809	6008	

108	1	20	1
78	433	9	123	336	147	146	277	211	30	311	45	
12	8	10	3	11	
45	277	30	9	311	
1457	1207	13967	11719	10019	

108	1	3	1
331	404	329	270	13	307	35	190	303	447	342	81	
11	11	5	1	10	
342	342	13	331	447	
513	818	700	680	13905	

108	1	9	1
202	66	275	229	440	249	20	137	250	449	284	393	
12	11	2	7	12	11	2	7	
393	284	66	20	393	284	66	20	
1200	1373	1727	3649	17173	666	520	499	

108	1	10	1
86	465	104	372	435	432	129	470	384	227	208	16	
12	-99	12	-99	6	
16	481	16	481	432	
2088	1214	13752	1047	3351	

108	1	21	1
163	175	462	101	119	156	426	309	7	8	178	85	
1	9	12	-900	
163	7	85	481	
1727	1346	902	5349	

108	1	23	1
454	401	343	341	453	69	155	93	304	443	61	475	
1	11	2	3	1	2	3	
454	61	401	343	454	401	343	
1158	1186	1110	1332	4884	770	1040	

108	1	24	1
318	54	293	395	241	299	74	411	302	425	181	267	
11	12	8	11	12	8	
181	267	411	181	267	411	
1103	1706	1762	6265	575	652	

120	1	5	1
363	448	225	403	64	373	395	110	189	180	37	263	
-200	
481	
42709	

120	1	8	1
138	285	88	214	39	321	398	438	466	147	154	129	
11	9	7	6	10	2	
154	466	398	321	147	285	
1282	1147	1893	1799	1987	6727	

120	1	9	1
10	84	98	28	47	231	445	303	449	143	93	316	
-99	9	7	1	
481	449	445	10	
1413	938	1621	2487	

120	1	11	1
365	367	401	318	210	371	346	247	188	324	454	393	
1	2	3	11	12	
365	367	401	454	393	
1236	1126	1062	2066	2975	

120	1	16	1
479	15	185	209	97	305	82	351	391	31	140	332	
5	6	11	9	10	12	
97	305	140	391	31	332	
1063	1116	1475	917	1642	1658	

120	1	18	1
73	162	282	270	476	275	283	249	11	477	392	443	
3	-400	5	12	-900	
282	481	476	443	481	
2842	2054	1225	1418	2294	

120	1	19	1
135	124	431	32	274	36	76	238	266	376	90	81	
9	12	2	3	
266	81	124	431	
4208	4490	2232	3405	

120	1	24	1
5	27	302	306	366	419	370	208	78	34	415	111	
8	9	10	11	12	
208	78	34	415	111	
1131	688	657	959	1538	

148	1	5	1
48	160	324	390	155	201	252	152	128	430	248	51	
7	-100	5	-99	
252	481	155	481	
4578	21200	849	2490	

148	1	6	1
27	439	188	438	467	350	72	452	103	286	173	421	
11	12	-99	-100	6	
173	421	481	481	350	
1440	705	3066	12813	8963	

148	1	7	1
8	213	249	36	370	357	1	376	345	125	298	57	
4	10	-200	
36	125	481	
15849	793	14605	

148	1	10	1
296	143	11	64	46	209	168	417	25	346	198	118	
10	9	12	-200	11	12	-200	
346	25	118	481	198	118	481	
2889	1097	724	8502	5505	16163	8208	

148	1	11	1
82	104	216	130	235	316	434	208	348	75	5	395	
7	10	2	8	3	
434	75	104	208	216	
1998	3408	1724	1087	5671	

148	1	12	1
100	383	238	199	242	120	142	141	180	32	205	170	
9	-99	-99	-1100	
180	481	481	481	
3095	979	1920	12754	

148	1	14	1
24	106	410	378	265	429	364	477	110	422	330	236	
11	7	-100	-100	

330	364	481	481	
6720	7239	13371	2615	

148	1	16	1
186	431	171	230	146	190	278	465	87	445	43	386	
5	3	2	-800	
146	171	431	481	
2262	2223	1155	6641	

148	1	18	1
177	396	42	247	232	307	358	239	310	266	352	117	
8	5	4	-99	-100	
239	232	247	481	481	
4780	2448	1812	3036	9404	

148	1	19	1
113	344	264	16	227	18	425	399	221	38	443	293	
12	-100	-99	10	2	
293	481	481	38	344	
2204	2899	2752	960	16613	

148	1	22	1
136	164	263	302	401	468	9	306	182	435	353	403	
12	9	5	6	1	-400	
403	182	401	468	136	481	
1273	1136	8238	832	8355	11696	

148	1	24	1
127	323	150	272	105	314	405	69	448	195	79	328	
11	12	-400	9	-99	-1900	
79	328	481	448	481	481	
1371	1028	1645	1841	4888	18876	

148	1	25	1
279	320	81	308	447	184	366	341	423	369	258	373	
7	9	10	11	-100	12	
366	423	369	258	481	373	
999	822	773	685	10902	10158	

149	1	6	1
220	132	311	464	78	55	222	264	39	100	207	296	
10	5	
100	78	
16114	12460	

149	1	7	1
449	151	178	179	233	108	281	396	443	18	44	245	
-100	
481	
15644	

149	1	9	1
216	241	90	223	408	431	197	250	53	41	320	35	
10	2	6	11	5	5	1	
41	241	431	320	408	408	216	
4222	1038	1753	2537	7141	773	13332	

149	1	10	1
111	115	355	94	211	56	386	248	406	362	38	163	
6	7	4	9	1	
56	386	94	406	111	
7905	5808	1704	5691	16133	

149	1	12	1
353	383	418	13	230	416	270	410	325	65	152	478	
1	10	11	8	
353	65	152	410	
2507	12538	1890	6827	

149	1	17	1
199	148	352	221	2	278	389	244	67	238	66	343	
12	11	8	7	
343	66	244	389	
3428	1635	1508	2184	

149	1	20	1
215	465	142	338	303	182	360	395	120	398	400	388	
11	6	
400	182	
8169	24587	

149	1	21	1
374	458	257	22	284	84	283	97	440	357	407	113	
5	12	-99	9	
284	113	481	440	
2262	1126	13116	1626	

149	1	23	1
391	309	467	189	427	49	371	153	76	312	285	15	
12	
15	
21178	

106	1	3	1
121	173	16	180	403	276	330	184	237	43	177	36	
10	3	-100	7	-100	
43	16	481	330	481	
5662	1304	797	11310	4329	

106	1	4	1
319	147	123	260	52	210	288	165	247	77	6	98	
9	6	3	4	
247	210	123	260	
6321	10047	2539	1859	

106	1	8	1
418	441	224	117	89	393	41	426	273	404	109	174	
9	4	12	10	11	
273	117	174	404	109	
1269	416	464	457	8382	

106	1	10	1
221	111	175	94	397	290	312	154	30	464	431	20	
8	12	11	-200	
154	20	431	481	
6196	2546	2171	15077	

106	1	11	1
102	328	92	193	100	62	39	357	178	150	399	261	
3	1	2	
92	102	328	
2151	1588	17562	

106	1	13	1
88	29	90	424	227	44	272	142	31	241	269	351	
12	4	11	
351	424	269	
728	1797	915	

106	1	15	1
222	45	376	217	302	419	108	179	341	462	15	249	
11	8	
15	179	
2074	867	

106	1	16	1
14	250	82	169	106	66	480	64	378	129	191	79	
10	
129	
7368	

106	1	20	1
361	365	196	242	56	47	139	317	95	49	282	352	
5	-100	8	10	11	-500	
56	481	317	49	282	481	
1221	1144	1464	2893	3580	3594	

106	1	22	1
255	291	235	17	61	466	262	2	402	391	203	63	
6	8	
466	2	
929	2345	

106	1	23	1
19	8	268	153	396	234	69	258	53	46	460	382	
11	1	
460	19	
2366	1457	

107	1	3	1
375	127	269	370	409	397	288	36	392	94	377	186	
-100	3	10	
481	269	94	
8534	1297	10088	

107	1	5	1
93	133	329	297	191	326	454	65	165	114	350	275	
8	-100	7	
65	481	454	
2095	825	4510	

107	1	7	1
316	381	376	172	210	425	260	310	332	99	340	45	
12	4	10	
45	172	99	
1755	686	3032	

107	1	9	1
351	121	333	8	53	284	118	447	85	54	24	232	
1	9	7	2	11	
351	85	118	121	24	
2164	853	6147	929	3767	

107	1	11	1
88	259	110	470	123	246	101	163	220	368	62	431	
9	12	6	
220	431	246	
3094	1221	4933	

107	1	15	1
132	467	230	26	109	355	302	465	400	391	180	213	
11	12	8	3	
180	213	465	230	
2615	6938	13683	4586	

107	1	17	1
420	176	182	321	81	102	466	196	179	69	344	343	
12	
343	
14751	

107	1	4	1
414	28	187	144	141	262	14	480	107	226	261	19	
11	5	7	
261	141	14	
2532	3857	8930	

107	1	8	1
173	106	49	265	248	66	477	290	96	97	60	439	
12	
439	
5211	

107	1	10	1
270	476	189	9	25	337	416	153	271	408	335	324	
12	5	
324	25	
2497	5516	

107	1	22	1
134	75	80	55	91	356	211	212	347	164	369	44	
6	4	8	3	
356	55	212	80	
2477	22238	11726	1554	

107	1	24	1
113	92	159	74	328	100	410	464	228	406	373	115	
1	5	-100 12	
113	328	481	115	
7119	908	2810	957	

132	1	5	1
270	82	245	382	259	87	124	76	325	304	215	77	
12	-100	6	
77	481	87	
1253	3026	4035	

132	1	6	1
414	284	470	107	286	139	474	187	421	147	234	114	
2	3	6	-100	
284	470	139	481	
1714	7219	7503	26027	

132	1	7	1
128	6	198	157	184	227	384	401	54	225	50	331	
8	10	4	
401	225	157	
1704	4956	7062	

132	1	8	1
133	73	189	168	375	317	438	108	31	71	117	376	
-100	-100	
481	481	
2546	24127	

132	1	9	1
185	122	96	333	427	432	100	264	459	84	123	80	
12	9	11	
80	459	123	
675	1342	10217	

132	1	10	1
443	16	248	155	355	257	24	19	334	32	430	308	
-100	-99	-99	-300	
481	481	481	481	
12401	16878	3252	10226	

132	1	14	1
164	294	173	188	239	359	428	62	178	97	115	23	
12	
23	
979	

132	1	15	1
121	183	99	53	278	231	309	445	169	296	348	129	
4	12	7	-99	

53	129	309	481	
1537	4447	1273	34706	

132	1	16	1
436	177	369	367	211	426	345	143	74	42	1	242	
9	12	-900	-100	-99	5	
74	242	481	481	481	211	
499	862	724	10481	10628	626	

132	1	17	1
85	434	192	55	256	266	424	111	307	30	446	402	
11	-100	-99	7	
446	481	481	424	
411	744	2351	6690	

132	1	18	1
65	388	58	149	475	171	57	217	394	194	267	420	
12	-1100	5	-1100	10	
420	481	475	481	194	
803	1097	783	11539	2145	

132	1	19	1
321	148	172	425	243	418	400	126	104	351	182	226	
8	11	-300	4	
126	182	481	425	
1155	568	1077	901	

132	1	21	1
311	471	412	347	395	141	174	378	106	12	476	176	
11	12	10	
476	176	12	
440	1008	31415	

132	1	23	1
444	389	283	396	385	212	422	371	361	336	158	435	
12	-100	7	-1800	
435	481	422	481	
911	715	23892	9149	

132	1	24	1
127	299	175	291	285	14	349	103	130	344	28	386	
12	-100	
386	481	
862	14292	

132	1	25	1
135	93	218	465	92	98	338	49	397	277	272	326	
11	12	9	
272	326	397	
832	803	4290	

110	1	3	1
21	445	129	214	75	370	128	28	203	435	119	230	
-99	1	5	12	
481	21	75	230	
13093	7854	548	3212	

110	1	4	1
234	398	180	301	312	6	233	98	284	182	221	307	
2	
398	
1179	

110	1	6	1
68	29	241	441	254	354	278	2	480	49	266	135	
7	5	-100	
278	254	481	
4975	13218	26263	

110	1	8	1
479	100	171	197	279	132	365	213	66	131	383	239	
-99	-300
481	481	
1734	12156	

110	1	10	1
152	382	153	477	138	11	294	357	352	376	318	253	
12	
253	
4114	

110	1	11	1
177	297	77	329	381	379	5	22	475	272	428	45	
9	12	
475	45	
2060	2692	

110	1	14	1
72	447	192	8	446	321	139	420	23	94	427	157	
10	12	
94	157	
3948	1193	

110	1	15	1
40	47	330	468	448	399	206	433	478	13	293	356	
-900	
481	
263	

110	1	16	1
336	208	158	274	32	464	326	24	231	155	340	193	
12	11	6	
193	340	464	
1248	950	1290	

110	1	18	1
103	449	168	151	115	300	302	403	451	194	81	258	
-200	3	
481	168	
3268	3726	

110	1	20	1
285	291	387	259	96	199	459	385	116	332	109	463	
12	
463	
2699	

110	1	23	1
431	257	275	137	16	394	353	181	316	339	323	112	
11	12	
323	112	
1679	1242	

110	1	24	1
26	411	295	421	102	313	250	308	264	452	422	296	
11	
422	
4746	

113	1	3	1
64	340	102	83	241	416	253	334	452	448	441	470	
-100	-100	-100	1	12	11	
481	481	481	64	470	441	
7035	5217	1429	4725	3406	3150	

113	1	6	1
431	209	204	219	317	248	298	270	275	136	190	21	
8	
270	
14203	

113	1	8	1
129	345	159	273	165	187	381	429	170	52	88	152	
-99	
481	
44602	

113	1	9	1
4	65	137	206	283	32	236	171	457	142	217	463	
12	-200	-100	
463	481	481	
1325	3899	693	

113	1	11	1
109	263	27	220	117	405	343	3	81	386	315	371	
11	5	1	7	
315	117	109	343	
1484	839	10428	2796	

113	1	13	1
35	92	70	393	432	107	183	47	438	414	285	240	
1	3	2	11	4	
35	70	92	285	393	
1248	881	1269	1075	1353	

113	1	15	1
330	374	474	350	424	403	321	231	235	278	84	348	
10	2	11	9	12	
278	374	84	235	348	
1429	728	645	707	1047	

113	1	16	1
62	194	224	110	237	435	324	246	400	150	225	130	
8	-99	
246	481	
1013	582	

113	1	17	1
296	333	439	437	256	99	415	243	8	480	447	162	
1	4	3	
296	437	439	
1054	589	35623	

113	1	22	1
255	367	116	407	185	164	67	465	212	17	417	318	
-100	10	
481	17	
2199	2373	

113	1	23	1
112	303	401	145	411	44	406	126	352	93	33	265	
1	2	3	4	6	
112	303	401	145	44	
1026	624	902	1013	1318	

113	1	24	1
302	380	306	55	356	228	223	418	49	449	338	410	
1	-2300	-100	-100	
302	481	481	481	
922	825	749	1915	

113	1	25	1
456	123	319	135	258	434	331	479	172	430	342	100	
-99	
481	
44165	

114	1	3	1
56	66	26	294	401	258	105	49	386	325	96	256	
2	5	1	3	
66	401	56	26	
3677	1228	1748	5204	

114	1	6	1
238	168	129	247	141	128	272	299	13	138	144	172	
11	12	
144	172	
1429	1242	

114	1	8	1
338	193	216	466	274	191	269	51	50	1	95	293	
11	12	-400	-100	2	12	
95	293	481	481	193	293	
902	867	1366	721	12989	6231	

114	1	9	1
195	219	442	25	229	58	91	369	402	10	461	436	
-200	7	11	11	10	12	8	
481	91	461	461	10	436	369	
673	416	652	6	902	1068	2976	

114	1	10	1
81	480	306	311	98	446	276	260	228	444	36	239	
8	9	10	11	2	
260	228	444	36	480	
818	575	825	860	15896	

114	1	11	1
396	153	165	394	179	117	268	366	459	119	300	354	
10	6	2	
119	117	153	
3476	3400	360	

114	1	12	1
407	470	173	158	190	88	223	451	368	77	41	422	
3	12	11	
173	422	41	
1054	659	1471	

114	1	14	1
112	469	479	210	38	35	78	252	218	9	421	303	
1	9	11	12	2	
112	218	421	303	469	
555	818	1144	881	14564	

114	1	17	1
198	289	175	39	412	159	400	197	465	83	73	297	
9	12	7	1	3	
465	297	400	198	175	
2289	1062	2095	572	12913	

116	1	6	1
354	318	122	407	410	34	281	237	283	346	56	255	
6	7	10	
34	281	346	
7327	3788	28546	

116	1	7	1
126	77	154	110	252	435	460	225	450	108	278	384	
-99	
481	
42722	

116	1	12	1
344	472	414	147	71	274	438	51	95	83	319	303	
12	1	6	
303	344	274	
3552	2380	12281	

116	1	15	1
182	25	387	429	464	311	20	446	90	194	222	332	
1	12	2	
182	332	25	
3649	1935	34381	

116	1	23	1
55	61	282	280	413	75	139	173	125	272	369	242	
11	12	3	2	1	
369	242	282	61	55	
3032	1151	1311	2622	2636	

117	1	18	1
243	40	429	69	423	113	219	18	36	254	154	458	
12	-100	
458	481	
2137	853	

117	1	22	1
347	255	63	194	23	319	11	165	162	9	196	57	
9	10	12	
162	9	57	
1401	846	513	

117	1	23	1
386	170	367	79	139	266	415	434	291	45	207	422	
12	11	7	
422	207	415	
1422	881	548	

117	1	25	1
108	476	152	222	336	335	103	232	352	174	460	181	
8	12	6	
232	181	335	
943	638	666	

118	1	5	1
203	191	112	121	404	82	275	285	319	411	236	333	
6	7	
82	275	
2560	1866	

118	1	9	1
286	233	186	354	120	60	368	422	237	361	115	276	
11	12	10	6	
115	276	361	60	
1755	915	1089	2713	

118	1	14	1
167	62	55	419	213	216	324	42	327	154	298	408	
10	5	11	12	-99	
154	213	298	408	481	
1491	915	1186	1068	29947	

118	1	15	1
241	420	6	413	107	223	240	392	129	440	255	270	
12	9	10	5	
270	129	440	107	
3157	1068	1540	5155	

118	1	16	1
127	266	26	54	230	165	19	447	284	384	315	64	
11	12	
315	64	
2560	1491	

118	1	18	1
9	196	264	226	300	445	415	282	27	343	306	84	
10	11	9	12	2	-200	
343	306	27	84	196	481	
1235	1158	1020	964	7986	17742	

118	1	19	1
174	297	91	279	178	228	465	101	395	321	50	217	
12	11	7	10	
217	50	465	321	
2706	1804	13197	26415	

118	1	20	1
352	346	360	92	52	97	414	243	192	439	406	197	
12	11	9	8	4	
197	406	192	243	92	
1637	902	1575	999	5648	

118	1	23	1
113	436	234	434	169	278	318	311	446	102	388	401	
12	-99	4	
401	481	434	
1602	1047	1408	

118	1	24	1
211	177	83	296	390	34	451	185	369	72	8	471	
9	11	12	
369	8	471	
2497	1047	1117	

118	1	25	1
347	303	456	412	344	331	469	152	316	220	407	99	
9	10	12	7	11	-99	-99	
316	220	99	469	407	481	481	
881	804	950	908	804	12892	5280	

119	1	3	1
90	165	146	376	283	218	50	119	52	99	268	347	
1	6	12	5	
90	218	347	283	
1262	2831	6154	4801	

119	1	6	1
77	92	223	154	111	393	163	212	374	155	66	275	
9	11	7	8	
374	66	163	212	
1484	1033	638	1242	

119	1	7	1
248	158	245	265	185	88	133	205	65	59	276	37	
12	9	3	-400	5	-200	
37	65	245	481	185	481	
1693	1040	1124	4260	5613	4329	

119	1	8	1
325	474	317	348	364	357	414	188	425	401	436	104	
7	8	-99	-500	10	
414	188	481	481	401	
16597	1047	3087	846	8798	

119	1	9	1
304	208	363	369	332	475	237	17	70	329	115	315	
1	2	9	
304	208	70	
1325	978	4905	

119	1	10	1
477	440	302	4	189	314	85	22	316	320	285	113	
-99	8	7	5	6	
481	22	85	189	314	
2012	839	1151	11872	1006	

119	1	11	1
453	162	416	261	175	273	26	338	153	344	198	184	
9	2	-99	-500	
153	162	481	481	
2241	1131	8382	25784	

119	1	17	1
288	339	54	443	211	255	3	228	98	358	403	418	
11	12	10	7	8	-1000	-100	
403	418	358	3	228	481	481	
631	853	1137	964	1415	4045	4302	

119	1	19	1
284	341	126	253	79	323	454	53	368	319	199	103	
9	12	8	11	10	1	-99	-200	
368	103	53	199	319	284	481	481	
1110	797	881	1124	1096	9485	11018	6612	

119	1	21	1
397	196	326	147	379	446	160	386	413	64	458	157	
10	11	-200	12	-1800	
64	458	481	157	481	
1817	853	13051	8479	14113	

119	1	22	1
295	411	266	289	408	361	362	159	201	417	140	342	
1	2	3	7	6	
295	411	266	362	361	
2116	784	1616	27907	2040	

119	1	23	1
412	399	400	297	312	467	181	258	311	164	254	60	
7	12	4	
181	60	297	
3483	25895	7077	

121	1	3	1
2	340	9	321	429	211	152	248	312	205	430	461	
2	4	9	5	
340	321	312	429	
1873	4468	853	2144	

121	1	8	1
267	448	4	400	355	20	105	413	444	333	29	190	
10	11	12	1	8	-100	
333	29	190	267	413	481	
1845	999	1394	3497	6182	7368	

121	1	10	1
65	414	296	235	16	18	284	210	192	409	140	410	
3	4	10	11	7	8	1	
296	235	409	140	284	210	65	
1464	1006	1547	1380	1679	5093	10789	

121	1	11	1
377	34	55	160	64	241	215	206	158	69	250	468	
3	4	1	7	8	
55	160	377	215	206	
4683	2463	2789	11018	9270	

121	1	13	1
116	270	44	307	393	83	281	298	162	133	306	203	
11	12	4	5	9	
306	203	307	393	162	
1498	1762	1706	1915	20122	

121	1	14	1
60	216	224	236	291	289	316	300	368	14	101	447	
6	8	9	2	11	
289	300	368	216	101	
1616	1609	2026	3205	19213	

121	1	15	1
104	348	350	379	411	261	145	320	43	186	76	353	
4	9	11	12	3	-700	6	7	
379	43	76	353	350	481	261	145	
1401	1165	1193	4135	12378	1887	8437	10449	

121	1	16	1
237	185	35	287	90	132	26	476	239	473	183	50	
1	5	6	3	4	
237	90	132	35	287	
1325	1686	1838	3566	10373	

121	1	17	1
384	41	75	121	232	78	51	395	326	466	381	310	
2	3	6	12	
41	75	78	310	
1519	1637	3282	24334	

121	1	19	1
209	396	93	196	357	47	295	367	257	445	282	343	
12	11	10	6	4	5	1	2	
343	282	445	47	196	357	209	396	
1644	1609	4121	6390	749	10595	4253	985	

121	1	20	1
181	58	117	260	424	394	388	280	62	390	370	460	
1	2	3	12	5	11	
181	58	117	460	424	370	
1394	1255	1595	1311	7098	8624	

121	1	22	1
141	63	15	258	246	478	325	375	77	417	136	180	
8	11	3	5	
375	136	15	246	
1915	1450	1831	22981	

121	1	23	1
285	337	399	286	168	194	342	361	423	347	383	352	
9	12	
423	352	
3517	1762	

122	1	4	1
429	444	96	416	366	426	478	227	364	84	313	214	
11	-100	7	
313	481	478	
1360	1144	8132	

122	1	5	1
176	99	80	87	185	472	258	379	215	317	19	271	
5	6	-200	
185	472	481	
3760	451	4413	

122	1	6	1
391	174	101	135	105	320	262	172	192	340	70	459	
12	10	11	
459	340	70	
1144	673	825	

122	1	8	1
324	189	56	287	277	133	355	267	64	114	74	7	
12	11	9	
7	74	64	
1054	735	3878	

122	1	10	1
57	3	195	406	265	37	131	79	311	343	25	268	
11	12	-99	
25	268	481	
3219	777	2393	

122	1	12	1
418	421	288	323	159	104	89	112	188	280	236	136	
11	6	
236	104	
1117	610	

122	1	14	1
286	296	263	49	474	199	115	410	224	23	266	85	
12	-200	11	
85	481	266	
1658	527	728	

122	1	16	1
241	213	186	126	338	290	234	122	168	430	138	342	
9	6	1	
168	290	241	
3198	5793	624	

122	1	18	1
395	54	356	282	97	405	38	110	363	32	431	146	
9	
363	
2178	

122	1	19	1
298	297	291	344	253	359	373	6	28	303	436	137	
9	12	
28	137	
1297	1033	

122	1	21	1
385	91	371	116	341	292	381	273	305	39	177	308	
8	12	
273	308	
2831	673	

122	1	23	1
415	17	59	72	279	82	458	225	466	107	272	351	
11	10	-300	
272	107	481	
3989	3462	14273	

122	1	24	1
143	330	164	40	149	193	58	378	200	113	360	226	
7	8	9	
58	378	200	
957	513	1033	

123	1	3	1
62	291	131	137	87	29	146	224	234	200	310	462	
9	11	12	
234	310	462	
4149	1200	1498	

123	1	6	1
387	127	133	196	350	241	365	26	402	210	212	85	
12	10	7	
85	210	365	
1651	1262	37559	

123	1	8	1
190	207	35	404	45	211	98	25	302	8	282	42	
6	7	9	10	11	4	
211	98	302	8	282	404	
568	589	1033	777	1207	11296	

123	1	9	1
99	199	357	132	290	273	176	355	267	171	58	184	
8	9	10	11	6	
355	267	171	58	273	
770	707	1720	1505	4857	

123	1	10	1
168	263	206	47	82	153	69	313	292	346	48	195	
11	12	1	2	11	12	1	4	8	
48	195	168	263	48	195	168	47	313	
1096	659	992	1484	4329	534	1700	1172	10664	

123	1	11	1
262	120	81	397	116	78	129	19	83	258	166	232	
1	2	3	6	5	12	
262	120	81	78	116	232	
423	555	1179	1519	1262	13051	

123	1	12	1
376	453	333	202	205	34	38	149	172	246	447	96	
1	-100	11	12	2	
376	481	447	96	453	
1020	714	1346	1873	4149	

123	1	13	1
391	27	297	344	17	278	441	223	369	226	138	347	
4	5	6	7	8	11	4	
344	17	278	441	223	138	344	
478	652	666	867	1255	1255	6168	

123	1	14	1
161	221	450	158	414	220	392	117	304	208	252	289	
3	4	5	6	3	4	5	6	10	10	
450	158	414	220	450	158	414	220	208	208	
541	763	4524	902	29697	735	617	1186	624	4086	

123	1	15	1
52	225	155	145	113	102	260	247	363	33	301	368	
10	-99	11	12	
33	481	301	368	
624	686	825	1464	

123	1	17	1
126	311	396	406	14	136	198	249	228	480	3	53	
-99	-100	
481	481	
15431	19962	

123	1	18	1
318	283	193	169	412	401	274	284	235	178	280	341	
7	9	10	12	-100	8	6	4	-1600	
274	235	178	341	481	284	401	169	481	
1214	1831	1484	964	534	1137	1387	2317	19026	

123	1	19	1
340	408	51	295	317	435	449	420	104	67	65	173	
9	10	11	12	4	5	1	
104	67	65	173	295	317	340	
811	659	582	700	784	1235	20275	

123	1	22	1
389	159	177	272	1	329	164	269	469	157	293	327	
12	-99	-99	-200	-99	12	-200	
327	481	481	481	481	327	481	
749	874	7015	23994	3622	513	513	

123	1	23	1
476	79	386	348	261	380	227	139	244	331	30	255	
1	-99	-800	11	12	3	4	
476	481	481	30	255	386	348	
340	485	492	610	527	2352	18991	

123	1	25	1
423	122	275	175	75	118	54	418	183	39	49	460	
1	2	9	10	11	6	4	
423	122	183	39	49	118	175	
346	686	1346	1006	957	7625	11192	

124	1	3	1
270	361	315	135	348	38	96	172	289	86	439	325	
6	5	
38	348	
15938	12413	

124	1	4	1
82	205	337	136	200	108	425	89	267	302	364	379	
1	2	8	
82	205	89	
3101	5044	23321	

124	1	6	1
156	311	359	465	392	141	203	14	306	98	410	91	
12	8	-99	
91	14	481	
2713	6591	5946	

124	1	9	1
393	110	433	423	268	230	414	116	334	160	365	84	
9	11	
334	365	
2331	742	

124	1	10	1
95	412	279	367	125	235	24	162	19	413	217	53	
12	6	
53	235	
1928	13426	

124	1	11	1
299	247	376	201	61	431	129	65	295	223	30	22	
10	11	12	
223	30	22	
1297	700	596	

124	1	12	1
105	234	137	409	259	251	56	463	50	241	34	401	
11	12	3	
34	401	137	
4524	915	6328	

124	1	14	1
198	328	128	340	336	181	418	29	104	168	202	395	
6	8	
181	29	
1679	14606	

124	1	15	1
231	117	124	440	309	209	275	36	52	16	159	374	
9	11	10	
52	159	16	
2650	1172	1054	

124	1	16	1
381	111	354	380	83	79	190	215	163	305	383	473	
8	10	
215	305	
978	978	

124	1	17	1
213	119	78	456	76	222	1	411	178	39	48	451	
9	8	11	12	
178	411	48	451	
1172	513	749	416	

124	1	18	1
316	176	4	260	15	5	308	372	258	195	312	390	
3	4	5	6	
4	260	15	5	
1623	1221	666	5793	

124	1	21	1
177	301	288	211	252	350	10	432	106	339	276	253	
12	10	
253	339	
1394	3164	

124	1	25	1
375	134	447	126	175	28	347	324	404	218	154	454	
12	11	10	
454	154	218	
1956	596	541	

125	1	4	1
238	85	27	125	314	294	60	445	460	255	355	170	
5	
314	
5523	

125	1	5	1
389	230	363	75	23	296	159	333	52	259	120	168	
12	6	7	8	
168	296	159	333	
860	9304	1137	575	

125	1	6	1
299	122	15	301	32	14	116	124	242	452	349	240	
5	8	7	-100	1	
32	124	116	481	299	
4725	8021	1137	11858	7854	

125	1	8	1
70	132	244	115	180	437	379	106	18	133	476	172	
9	1	2	
18	70	132	
5322	9582	1630	

125	1	10	1
188	219	223	78	181	345	33	48	79	196	261	271	
1	10	
188	196	
1179	6203	

125	1	11	1
270	390	183	364	418	131	77	451	287	424	232	145	
1	6	8	
270	131	451	
1172	839	8423	

125	1	15	1
286	5	76	268	265	376	220	143	99	142	480	148	
10	
142	
1290	

125	1	19	1
64	353	67	442	54	337	449	384	373	395	128	303	
12	6	5	10	9	12	
303	337	54	395	373	303	
2275	3400	735	2026	1693	7188	

125	1	22	1
417	359	351	318	10	280	396	297	291	425	229	147	
10	-100	
425	481	
1471	10116	

126	1	3	1
66	74	423	221	93	447	40	138	345	369	450	145	
10	-100	
369	481	
2428	9991	

126	1	6	1
374	104	90	176	312	338	207	441	164	147	114	382	
7	3	
207	90	
9117	3282	

126	1	11	1
420	231	228	433	349	137	230	244	101	367	25	306	
-99	
481	
44472	

126	1	14	1
331	452	216	52	299	45	220	313	362	408	22	163	
10	12	
408	163	
624	1110	

126	1	15	1
133	287	399	398	68	234	135	440	412	194	322	98	
10	1	
194	133	
1269	9679	

126	1	17	1
320	466	363	225	21	153	165	348	315	263	172	171	
9	11	5	-99	
315	172	21	481	
735	881	7028	3108	

126	1	19	1
106	62	289	70	436	360	118	112	86	326	139	229	
-100	12	
481	229	
4850	527	

126	1	20	1
417	477	371	19	437	200	126	48	458	89	160	81	
10	12	
89	81	
1033	1519	

126	1	22	1
325	427	411	226	179	282	277	8	418	316	279	321	
10	-100	6	
316	481	282	
2414	14571	7396	

126	1	23	1
268	474	3	152	173	188	270	53	236	404	453	333	
10	7	
404	270	
2081	15237	

127	1	11	1
446	282	251	396	174	268	337	23	96	468	12	221	
2	10	8	-99	-100	
282	468	23	481	481	
3795	2532	5724	12822	12031	

127	1	12	1
472	17	217	202	261	434	113	245	470	154	480	398	
9	10	-200	1	
470	154	481	472	
2720	7840	3379	20073	

127	1	14	1
278	273	198	384	330	132	288	29	230	125	190	10	
11	2	1	12	-100	-400	
190	273	278	10	481	481	
2005	5335	5460	5086	12434	7542	

127	1	17	1
348	3	152	300	403	156	476	54	382	359	428	228	
-99	-99	3	-700	
481	481	152	481	
4857	2019	3649	26776	

127	1	18	1
422	356	189	98	445	206	168	15	453	331	475	18	
9	7	8	-1300	
453	168	15	481	
1963	3261	9221	18047	

127	1	21	1
395	285	367	376	466	425	369	186	450	387	296	246	
1	2	4	-99	
395	285	376	481	
1609	1887	2303	12128	

127	1	22	1
339	32	341	406	172	58	231	72	459	105	117	70	
6	
58	
13842	

128	1	3	1
16	170	216	348	362	199	220	452	61	416	390	450	
-99	
481	
42673	

128	1	5	1
296	103	118	310	75	470	117	266	259	323	409	219	
2	6	7	8	-300	-100	
103	470	117	266	481	481	
2053	4669	4281	1727	12482	1970	

128	1	6	1
394	157	364	169	248	277	346	35	444	99	252	379	
12	
379	
3275	

128	1	8	1
188	292	46	441	232	400	34	141	360	172	405	185	
11	
405	
12142	

128	1	9	1
133	56	458	327	29	368	367	424	179	38	357	318	
11	9	
357	179	
1998	7264	

128	1	11	1
342	478	114	166	242	67	101	201	107	474	396	395	
3	11	2	8	
114	396	478	201	
902	978	7001	5856	

128	1	12	1
125	178	204	273	246	397	184	183	373	162	122	345	
10	-100	4	8	7	9	6	
162	481	273	183	184	373	397	
1165	2074	4794	5884	922	1124	5106	

128	1	13	1
275	228	148	177	189	236	282	413	451	197	261	433	
12	11	5	
433	261	189	
568	881	1609	

128	1	14	1
210	15	462	171	299	339	340	267	276	31	145	369	
11	12	10	3	
145	369	31	462	
499	881	1429	20691	

128	1	15	1
430	453	57	372	286	54	93	218	480	33	13	187	
12	10	11	1	
187	33	13	430	
485	943	749	18262	

128	1	17	1
90	115	55	423	80	435	268	455	351	4	2	336	
11	12	
2	336	
589	1346	

128	1	19	1
22	355	83	224	312	45	173	208	241	306	295	154	
12	11	
154	295	
1151	13100	

128	1	21	1
129	21	212	254	91	335	205	139	71	130	260	144	
12	
144	
1477	

128	1	22	1
202	77	135	127	308	87	196	263	215	402	439	217	
12	11	10	5	-300	
217	439	402	308	481	
485	902	693	24292	3885	

128	1	24	1
174	328	97	147	221	126	108	343	411	422	269	270	
12	10	11	
270	422	269	
444	728	964	

128	1	25	1
73	11	385	128	361	257	53	418	437	378	464	186	
12	7	-100	-700	
186	53	481	481	
700	964	27331	4281	

129	1	3	1
87	479	20	104	310	453	67	445	153	236	262	71	
-99	-100	
481	481	
14134	13412	

129	1	4	1
72	185	58	188	86	408	440	336	340	295	85	294	
-99	-100	1	


481	481	72	
3906	28691	3878	

129	1	10	1
221	121	442	361	184	19	73	191	10	419	162	240	
1	
221	
16278	

129	1	13	1
244	305	467	248	322	407	321	385	113	127	74	369	
11	2	3	5	
74	305	467	322	
1429	2789	11657	4420	

129	1	14	1
432	462	387	277	289	265	44	124	418	108	469	300	
10	11	2	
108	469	462	
2199	1089	7833	

129	1	15	1
42	213	398	159	143	155	465	251	161	454	420	126	
2	5	
213	143	
2157	17992	

129	1	18	1
253	163	343	464	252	320	38	23	26	396	331	303	
10	7	
396	38	
7244	7486	

129	1	23	1
29	413	100	431	173	227	88	370	46	3	291	363	
11	9	10	1	
291	46	3	29	
6404	2470	11317	8680	

129	1	24	1
354	209	37	150	424	401	455	414	7	189	193	325	
11	6	
193	401	
5100	13648	

129	1	25	1
415	286	194	318	384	349	27	92	463	395	164	77	
1	7	
415	27	
5322	5072	

130	1	9	1
322	230	460	4	465	284	122	319	441	448	142	68	
11	
142	
1242	

130	1	14	1
24	37	375	144	203	66	442	466	64	385	147	366	
3	
375	
41521	

130	1	16	1
321	111	399	35	179	262	155	406	426	82	225	308	
12	
308	
1089	

130	1	17	1
397	232	337	12	77	419	101	332	303	298	23	401	
12	2	-100	-99	
401	232	481	481	
2310	4704	15161	13794	

130	1	24	1
55	234	157	191	128	226	8	103	158	276	130	117	
1	
55	
9922	

130	1	25	1
371	168	152	202	359	349	478	80	129	58	197	282	
-900	
481	
922	

131	1	3	1
298	51	45	164	366	107	247	307	111	460	181	202	
3	8	-99	11	
45	307	481	181	
6342	2060	4357	4642	

131	1	4	1
140	371	245	381	72	106	55	349	79	135	162	223	
7	9	12	10	-200	
55	79	223	135	481	
950	666	1713	804	6335	

131	1	5	1
314	195	454	88	442	26	463	152	382	249	362	217	
1	2	12	7	-99	-99	
314	195	217	463	481	481	
902	693	1394	3712	16431	6917	

131	1	7	1
383	95	5	313	46	315	431	421	426	361	178	214	
-99	-99	-99	4	-99	
481	481	481	313	481	
1991	1956	3226	1047	18741	

131	1	8	1
19	430	20	126	203	139	80	405	66	250	183	231	
11	12	8	4	-99	-99	-99	7	8	
183	231	405	126	481	481	481	80	405	
1422	485	1228	1956	2831	9943	10470	659	9110	

131	1	9	1
18	160	233	208	138	113	294	267	174	78	27	252	
10	11	12	11	
78	27	252	27	
707	652	964	18817	

131	1	11	1
440	142	153	98	168	392	347	432	344	28	136	333	
10	11	12	6	-300	3	
28	136	333	392	481	153	
1040	742	777	16798	3400	5155	

131	1	16	1
44	273	99	450	132	360	96	200	75	471	62	170	
10	11	8	4	2	10	9	5	-100	
471	62	200	450	273	471	75	132	481	
985	534	659	1984	4399	5835	659	2060	5238	

131	1	17	1
243	319	419	458	467	387	477	32	285	129	7	119	
12	7	11	8	-1300	
119	477	7	32	481	
1026	568	693	9339	14425	

131	1	18	1
322	340	205	448	357	15	122	364	81	50	8	262	
9	-800	12	-100	6	
81	481	262	481	15	
728	839	763	2817	964	

131	1	21	1
408	185	206	422	40	306	289	259	59	87	293	269	
8	9	-99	12	
259	59	481	269	
485	575	742	1602	

131	1	23	1
353	324	172	143	163	210	240	346	455	446	31	277	
11	12	3	9	-100	
31	277	172	455	481	
1006	666	11657	9159	14599	

131	1	25	1
221	215	17	301	453	284	425	232	369	158	400	63	
10	11	12	-100	7	-8	-1000	
158	400	63	481	425	481	481	
562	464	1623	4038	5051	9575	7785	

133	1	4	1
369	424	49	224	101	324	149	76	207	3	243	197	
8	
76	
11657	

133	1	5	1
151	94	97	347	115	61	27	274	139	127	384	469	
2	10	9	
94	127	139	
1533	1207	30856	

133	1	6	1
186	194	261	213	442	88	220	332	153	428	129	128	
11	4	6	
129	213	88	
2393	964	2386	

133	1	8	1
386	256	306	414	251	87	161	391	67	110	266	13	
8	-100	1	
391	481	386	
2012	1401	2858	

133	1	10	1
294	472	478	66	240	173	268	416	454	172	2	447	
9	
454	
2775	

133	1	14	1
322	177	132	239	314	433	232	196	475	470	423	291	
10	9	11	
470	475	423	
2095	1096	680	

133	1	15	1
84	51	457	401	106	81	8	22	417	403	394	217	
11	10	9	12	
394	403	417	217	
2147	685	947	1157	

133	1	16	1
451	273	289	398	233	234	55	188	464	219	367	142	
10	11	12	7	2	5	
219	367	142	55	273	233	
804	714	1013	1214	1013	3733	

133	1	20	1
444	437	460	44	316	15	102	38	242	412	257	37	
12	9	10	4	
37	242	412	44	
1783	693	631	15320	

133	1	21	1
302	96	311	166	42	174	312	237	111	359	320	4	
9	-100	
111	481	
1484	1380	

133	1	22	1
41	86	236	218	25	422	440	229	30	319	405	135	
2	3	8	9	-100	7	
86	236	229	30	481	440	
867	666	6244	999	13863	3108	

133	1	24	1
365	206	439	271	245	361	192	248	308	388	123	337	
8	
248	
10664	

133	1	25	1
305	103	260	165	45	210	137	35	71	150	159	125	
9	5	-100	
71	45	481	
3247	6737	2463	

134	1	3	1
45	232	226	350	399	40	331	294	70	230	194	224	
1	2	-99	8	
45	232	481	294	
2074	832	2123	38600	

134	1	4	1
341	310	118	143	254	136	333	329	110	100	88	400	
11	1	7	10	
88	341	333	100	
3087	22440	2477	10567	

134	1	5	1
217	114	426	43	438	168	3	108	410	199	262	145	
5	11	1	
438	262	217	
23855	3608	7854	

134	1	6	1
80	5	69	102	313	265	379	240	362	231	189	192	
5	12	4	2	
313	192	102	5	
1686	2005	11178	25944	

134	1	7	1
311	89	93	380	466	113	41	396	267	253	480	53	
10	8	
253	396	
34943	4482	

134	1	8	1
171	413	63	15	4	365	33	239	182	166	208	23	
12	1	6	
23	171	365	
4232	3552	2407	

134	1	9	1
274	266	156	351	31	443	288	405	373	196	260	220	
2	
266	
42166	

134	1	11	1
149	204	459	214	325	64	38	227	197	79	146	159	
10	1	6	
79	149	64	
2491	1824	4503	

134	1	12	1
216	462	305	161	249	48	101	95	420	150	111	424	
1	2	5	-400	
216	462	249	481	
3393	1158	31904	4607	

134	1	14	1
107	263	428	407	433	180	447	243	299	427	347	435	
8	12	1	
243	435	107	
1464	5731	4031	

134	1	15	1
271	250	187	448	234	456	387	135	357	324	297	296	
11	12	10	2	
297	296	324	250	
1928	2907	2553	23237	

134	1	18	1
270	11	56	378	133	321	257	176	458	401	450	209	
1	11	10	
270	450	401	
1158	797	666	

134	1	20	1
342	372	119	452	10	328	106	300	78	361	8	30	
8	4	10	
300	452	361	
1651	7452	6182	

134	1	23	1
314	164	218	463	12	252	244	371	320	29	215	183	
11	12	6	5	7	8	
215	183	252	12	244	371	
10095	6751	14148	1852	950	735	

134	1	25	1
384	381	323	472	375	49	437	76	370	363	178	128	
1	4	5	-99	
384	472	375	481	
992	902	10366	1207	

135	1	3	1
25	181	352	354	212	173	386	208	317	185	112	19	
2	9	-99	-200	
181	317	481	481	
2272	12264	11892	2919	

135	1	4	1
20	287	175	184	461	316	49	21	438	412	14	445	
1	2	5	8	9	
20	287	461	21	438	
1391	803	1440	1900	2468	

135	1	5	1
238	205	69	59	166	371	193	131	138	416	366	119	
4	1	2	6	3	5	9	
59	238	205	371	69	166	138	
2556	822	1381	3203	7200	4417	3026	

135	1	8	1
39	390	350	85	340	448	105	276	250	177	71	326	
11	4	1	
71	85	39	
3947	4594	2008	

135	1	12	1
124	99	18	333	379	342	391	364	202	106	351	457	
4	1	3	-100	-99	
333	124	18	481	481	
1861	1106	3350	3036	5368	

135	1	16	1
262	307	58	322	44	98	222	55	159	265	126	38	
1	2	3	-1000	-99	
262	307	58	481	481	
1028	597	1841	1949	5691	

135	1	18	1
312	373	67	189	279	24	7	294	421	388	389	442	
8	9	-1700	-99	
294	421	481	481	
2497	421	548	37518	

135	1	19	1
22	419	107	298	274	48	464	116	213	409	474	475	
9	12	2	3	6	7	5	-99	
213	475	419	107	48	464	274	481	
901	538	489	3683	2311	1410	1048	15634	

135	1	21	1
5	260	135	241	410	199	54	413	305	167	327	79	
-99	9	6	10	11	-99	
481	305	199	167	327	481	
3996	1430	2057	764	6680	16995	

135	1	22	1
449	160	95	450	411	477	308	239	479	367	320	11	
2	1	3	-500	-99	
160	449	95	481	481	
3693	11539	2292	10657	7973	

136	1	3	1
378	42	133	103	198	166	312	62	354	275	171	128	
2	-99	-100	10	11	
42	481	481	275	171	
2012	7993	23258	5446	735	

136	1	4	1
1	292	272	357	169	163	108	117	333	317	32	19	
11	10	7	8	
32	317	108	117	
1922	784	13308	797	

136	1	9	1
265	130	26	200	100	384	121	480	137	311	308	167	
1	11	-99	
265	308	481	
2227	3573	1665	

136	1	11	1
469	336	282	452	392	283	75	118	192	238	134	71	
3	5	-100	-600	
282	392	481	481	
3351	1686	6702	1713	

136	1	12	1
468	461	38	69	241	50	178	256	252	151	13	435	
1	-800	
468	481	
1637	6487	

136	1	13	1
219	17	174	48	302	132	27	70	73	245	471	54	
11	6	-100	12	10	8	
471	132	481	54	245	70	
1651	895	12267	4871	12212	11906	

136	1	15	1
90	145	377	374	94	204	202	327	307	355	364	182	
12	-1300	
182	481	
1658	7049	

136	1	17	1
455	138	353	367	49	339	413	7	349	319	365	172	
9	
349	
3122	

136	1	18	1
211	337	197	269	300	397	223	45	450	267	297	309	
1	4	
211	269	
2407	8430	

136	1	22	1
21	212	31	388	85	155	217	324	268	375	224	439	
1	2	12	11	6	
21	212	439	224	155	
902	818	700	2608	16132	

136	1	24	1
399	303	285	228	259	411	414	426	74	463	170	373	
12	
373	
2817	

136	1	25	1
43	362	239	22	214	345	379	34	209	387	323	141	
7	
379	
2532	

137	1	8	1
262	100	77	91	335	368	164	61	236	67	127	252	
-99	
481	
44491	

137	1	11	1
152	211	190	318	216	47	133	66	7	338	253	266	
12	-200	11	5	9	4	6	
266	481	253	216	7	318	47	
1623	1908	6	2220	2137	2296	7868	

137	1	16	1
265	379	115	113	58	273	448	406	76	467	270	276	
11	3	10	1	2	12	
270	115	467	265	379	276	
1901	1360	1901	2026	2234	9062	

137	1	19	1
55	399	249	360	225	88	272	82	187	172	78	16	
2	3	
399	249	
1623	5585	

137	1	22	1
373	158	384	217	15	279	319	315	31	123	167	132	
1	11	8	12	7	10	
373	167	315	132	319	123	
1901	1554	4988	1706	24861	8277	

137	1	24	1
364	341	21	138	416	79	147	471	255	455	3	475	
12	10	2	
475	455	341	
1783	1790	2713	

137	1	25	1
463	473	309	69	418	295	311	461	24	228	248	431	
12	5	11	1	3	4	
431	418	248	463	309	69	
1519	1422	3941	5523	19831	2227	

138	1	5	1
210	230	245	188	236	228	376	238	418	370	317	207	
8	9	12	11	1	
238	418	207	317	210	
5523	2005	11469	860	7181	

138	1	6	1
447	28	402	7	148	434	258	396	316	381	356	165	
-400	9	
481	316	
28726	11226	

138	1	7	1
420	281	337	61	76	118	17	286	182	177	193	119	
6	4	5	2	3	
118	61	76	281	337	
4683	2435	2414	9991	4524	

138	1	8	1
274	409	48	462	237	104	410	202	471	164	170	361	
11	3	2	
170	48	409	
22537	5169	1970	

138	1	10	1
322	383	26	399	380	246	369	229	382	275	1	57	
9	12	-200	
382	57	481	
1977	7958	4690	

138	1	13	1
212	429	40	98	231	407	378	340	20	51	53	339	
12	6	7	
339	407	378	
235	10037	3994	

138	1	18	1
106	301	157	109	242	114	461	350	472	341	105	136	
10	11	1	11	
341	105	106	105	
1248	721	4246	38586	

138	1	19	1
66	102	241	244	326	359	54	293	183	414	243	235	
10	5	
414	326	
26540	13780	

138	1	20	1
315	18	86	335	200	192	33	139	367	147	298	347	
12	-99	1	
347	481	315	
1346	3774	2157	

138	1	21	1
174	233	41	405	329	310	442	311	346	125	32	430	
11	1	
32	174	
3053	3448	

138	1	23	1
216	354	280	50	363	24	272	227	111	362	373	390	
-100	-99	1	-100	
481	481	216	481	
11712	6002	3018	14280	

138	1	24	1
59	368	211	296	302	55	134	257	444	25	344	348	
-99	6	1	2	-99	
481	55	59	368	481	
860	5988	6008	4149	13995	

138	1	25	1
267	439	331	74	117	411	152	276	127	133	270	464	
5	10	11	
117	133	270	
7140	22259	3080	

139	1	5	1
458	3	472	107	368	306	464	372	316	216	128	157	
10	2	12	3	
216	3	157	472	
1512	6702	5169	12316	

139	1	6	1
61	40	12	312	429	281	76	269	311	457	10	57	
8	9	10	2	4	5	1	
269	311	457	40	312	429	61	
1991	1165	4177	1408	12871	1186	20309	

139	1	10	1
123	420	109	326	138	237	28	11	236	418	248	97	
8	9	10	4	
11	236	418	326	
2567	1304	902	3899	

139	1	13	1
115	119	162	70	118	297	277	387	369	442	130	446	
11	1	
130	115	
4531	2067	

139	1	17	1
213	211	358	424	131	455	390	331	8	444	260	448	
10	
444	
2969	

139	1	19	1
280	167	329	381	199	475	296	111	450	377	5	25	
12	11	6	
25	5	475	
2164	3705	3157	

139	1	22	1
185	121	367	67	341	350	114	13	299	271	314	194	
5	-500	
341	481	
2782	5682	

139	1	23	1
188	287	50	78	364	465	170	473	267	96	191	322	
1	7	2	
188	170	287	
2005	19782	18401	

139	1	25	1
324	244	37	51	268	204	274	344	181	206	340	256	
9	12	11	10	
181	256	340	206	
2497	3615	5051	4558	

140	1	5	1
159	448	373	475	366	73	93	299	261	165	71	408	
7	5	4	-100	
93	366	475	481	
890	633	895	20457	

140	1	8	1
245	380	86	67	364	179	302	297	94	136	215	309	
11	12	-300	1	
215	309	481	245	
742	825	1554	1394	

140	1	13	1
84	239	134	89	108	167	267	255	59	132	325	143	
9	10	11	12	
59	132	325	143	
548	707	1117	693	

140	1	16	1
305	257	209	219	228	386	138	397	460	314	156	262	
8	9	10	
397	460	314	
562	763	992	

140	1	22	1
19	265	293	46	10	393	352	203	461	372	329	457	
5	6	12	2	
10	393	457	265	
478	416	846	7875	

140	1	23	1
377	217	285	451	367	6	439	51	425	142	56	432	
6	7	
6	439	
666	902	

140	1	24	1
240	208	333	151	365	206	318	284	330	424	474	166	
3	8	9	2	5	
333	284	330	208	365	
1179	568	874	10567	12642	

141	1	3	1
272	238	220	431	110	175	297	40	207	184	420	173	
-99	-100	
481	481	
2664	4413	

141	1	4	1
201	85	5	300	28	7	197	180	6	37	422	321	
2	11	12	
85	422	321	
1833	1438	1909	

141	1	13	1
94	434	33	288	252	54	351	342	365	249	98	96	
1	5	
94	252	
1776	2220	

141	1	15	1
244	389	215	390	360	305	176	151	406	32	3	304	
9	11	10	
406	3	32	
1179	1727	2171	

141	1	17	1
74	307	430	112	459	265	291	2	255	263	95	311	
6	11	5	
265	95	459	
8805	2040	3962	

141	1	21	1
68	292	282	276	149	466	475	451	51	111	353	146	
10	11	12	
111	353	146	
1082	1526	1790	

141	1	22	1
400	206	72	109	204	472	237	471	81	117	423	225	
-100	6	9	7	10	
481	472	81	237	117	
2164	1623	1658	2366	1623	

141	1	25	1
370	70	266	84	309	394	277	437	219	136	409	240	
11	10	7	8	
409	136	277	437	
1054	1734	1755	2942	

142	1	4	1
303	450	297	196	229	458	99	32	445	197	86	468	
11	2	
86	450	
3073	10186	

142	1	5	1
261	319	255	77	179	160	305	107	171	406	47	280	
6	7	12	
160	305	280	
2033	797	8055	

142	1	6	1
302	318	131	464	234	29	133	195	251	333	425	69	
9	
251	
2255	

142	1	8	1
205	455	436	63	121	342	192	230	45	209	111	9	
1	2	3	
205	455	436	
2289	978	9499	

142	1	9	1
245	423	460	23	80	271	365	127	399	372	116	273	
10	11	12	
372	116	273	
1089	777	908	

142	1	13	1
373	413	143	340	429	222	405	141	93	67	188	430	
9	10	12	
93	67	430	
2768	2775	6786	

142	1	14	1
128	392	183	247	312	322	207	146	341	79	306	124	
10	
79	
1457	

142	1	18	1
364	162	113	357	478	377	345	446	117	166	53	290	
11	
53	
1845	

142	1	24	1
100	219	353	203	447	310	81	299	208	286	324	370	
1	5	
100	447	
2844	7486	

143	1	3	1
140	76	93	202	430	232	171	210	303	283	124	60	
12	10	3	6	-100	
60	283	93	232	481	
1679	1026	1006	1186	2588	

143	1	4	1
433	201	176	24	422	402	52	366	195	162	248	54	
10	12	8	
162	54	366	
1255	1457	1124	

143	1	6	1
56	415	125	108	123	475	215	84	135	212	450	75	
-99	10	6	
481	212	475	
1103	1020	992	

143	1	7	1
74	90	289	224	271	259	142	393	239	170	164	28	
1	12	9	10	11	
74	28	239	170	164	
2685	4114	3288	1214	2942	

143	1	9	1
100	99	276	64	311	203	277	388	378	49	419	350	
1	12	10	
100	350	49	
1172	1214	3746	

143	1	11	1
336	398	410	221	70	87	219	294	425	160	127	182	
1	12	10	
336	182	160	
9367	3635	3628	

143	1	12	1
180	306	341	148	185	128	417	317	458	36	92	62	
9	10	11	8	-600	1	10	
458	36	92	317	481	180	36	
1637	908	1110	1873	10886	756	4010	

143	1	13	1
396	251	299	117	57	71	3	291	326	445	30	375	
1	8	
396	291	
2060	1450	

143	1	14	1
380	249	103	20	255	238	337	141	270	280	408	473	
6	12	
238	473	
1283	1457	

143	1	16	1
130	196	335	166	253	211	372	112	321	431	240	312	
9	10	
321	431	
846	1096	

143	1	20	1
208	86	428	115	104	310	392	434	338	395	120	266	
12	10	11	
266	395	120	
1082	1040	1949	

143	1	21	1
184	405	298	318	229	274	267	292	354	25	226	264	
5	7	12	10	
229	267	264	25	
1179	1214	1450	6487	

143	1	22	1
48	198	333	131	122	367	403	261	113	150	245	244	
11	
245	
6751	

143	1	23	1
323	111	230	279	44	397	233	114	300	246	39	59	
1	3	4	10	11	
323	230	279	246	39	
1769	1519	1186	3393	4107	

143	1	24	1
286	119	69	275	476	297	206	51	197	351	163	209	
1	10	7	3	5	
286	351	206	69	476	
2116	1172	4447	13967	9297	

143	1	25	1
177	439	9	34	346	126	435	340	282	200	42	154	
8	
340	
936	

145	1	3	1
57	82	175	176	16	276	59	245	219	106	239	161	
6	9	7	
276	219	59	
4239	10213	8930	

145	1	7	1
152	133	290	328	150	97	479	278	472	318	316	259	
10	11	12	2	7	
318	316	259	133	479	
3358	797	915	26679	7327	

145	1	9	1
307	167	304	102	129	87	463	224	22	354	218	48	
12	1	2	
48	307	167	
3094	13197	1908	

145	1	10	1
108	145	244	172	52	29	400	367	80	195	438	356	
12	10	11	1	
356	195	438	108	
1623	853	902	19463	

145	1	15	1
170	180	251	238	147	295	298	437	435	431	103	12	
9	6	1	
435	295	170	
5259	881	25160	

145	1	17	1
366	443	14	54	186	220	227	365	378	272	83	94	
10	9	
272	378	
2685	6376	

145	1	19	1
34	89	473	107	249	40	360	280	168	448	58	424	
11	12	
58	424	
2858	2740	

145	1	23	1
408	202	114	42	86	242	480	453	235	269	427	181	
10	11	7	8	
269	427	480	453	
2539	638	17568	1568	

145	1	24	1
7	289	325	134	79	426	136	90	268	393	91	68	
1	6	
7	426	
6147	5148	

146	1	4	1
65	201	191	156	39	462	79	110	63	203	317	96	
2	1	
201	65	
16465	1991	

146	1	5	1
445	241	286	244	20	177	8	5	283	404	84	255	
2	10	1	
241	404	445	
11254	2581	9353	

146	1	6	1
107	92	328	341	226	470	250	426	322	219	369	261	
-99	
481	
44560	

146	1	7	1
16	103	324	128	66	382	280	121	473	311	151	268	
1	-100	
16	481	
11990	19310	

146	1	11	1
458	122	455	333	36	411	213	363	80	52	385	292	
-99	
481	
43943	

146	1	14	1
105	86	179	55	408	457	397	417	50	357	376	212	
12	11	
212	376	
4461	6626	

146	1	19	1
427	69	316	57	429	480	377	183	453	446	345	413	
7	
377	
1179	

146	1	21	1
46	354	94	61	272	197	425	259	366	18	140	274	
11	12	
140	274	
1346	1255	

146	1	23	1
314	269	305	273	47	252	379	303	148	87	258	331	
3	5	
305	47	
2345	8458	

146	1	25	1
299	109	278	399	312	308	351	152	17	200	464	371	
1	
299	
1790	

147	1	3	1
102	220	305	70	386	448	107	78	105	471	76	430	
5	7	3	8	5	6	
386	107	305	78	386	448	
1207	1269	2005	10893	5238	3171	

147	1	4	1
459	304	313	41	239	287	234	436	391	399	276	246	
12	9	10	
246	391	399	
568	6557	10741	

147	1	5	1
233	39	141	135	145	162	136	352	100	311	221	253	
10	8	11	-100	
311	352	221	481	
1103	5592	22183	12781	

147	1	6	1
232	222	472	248	210	409	274	270	212	238	146	95	
-200	5	
481	210	
11275	27422	

147	1	7	1
38	130	306	236	206	1	193	339	477	295	138	25	
12	4	11	1	
25	236	138	38	
1200	8236	10422	2574	

147	1	9	1
466	57	133	368	103	161	268	371	219	431	351	202	
10	11	9	12	4	-600	5	-100	
431	351	219	202	368	481	103	481	
804	735	846	5204	1679	3462	1963	22342	

147	1	10	1
94	167	245	30	308	75	442	475	317	434	110	11	
1	12	8	9	
94	11	475	317	
922	902	728	770	

147	1	11	1
445	168	198	240	283	277	416	215	332	142	451	363	
12	
363	
797	

147	1	16	1
46	254	170	380	205	389	328	403	228	28	404	326	
8	1	10	5	2	
403	46	28	205	254	
1262	2310	1623	9624	14939	

147	1	17	1
353	56	425	334	249	414	32	321	91	244	359	320	
-100	9	8	
481	91	321	
1727	1360	3108	

147	1	21	1
186	2	394	252	214	303	22	114	182	354	176	52	
8	11	
114	176	
770	2123	

147	1	22	1
242	338	293	331	415	272	251	373	223	160	90	23	
10	11	12	6	1	
160	90	23	272	242	
1609	860	1540	12552	1477	

147	1	24	1
273	77	447	104	85	60	344	290	452	325	433	43	
1	9	6	5	7	3	2	
273	452	60	85	344	447	77	
645	1172	1200	1117	1096	13870	4461	

150	1	5	1
298	392	217	279	115	190	221	353	179	477	261	149	
-99	6	-200	
481	190	481	
2889	8463	2595	

150	1	6	1
75	296	344	254	277	152	378	67	43	224	377	93	
1	7	6	
75	378	152	
3555	2791	13116	

150	1	7	1
388	300	114	248	401	427	145	243	125	229	337	74	
12	
74	
14164	

150	1	8	1
342	413	334	354	295	119	49	246	113	449	370	262	
8	3	
246	334	
2243	36989	

150	1	9	1
431	267	364	398	406	6	260	130	112	153	126	256	
11	3	-600	-99	
126	364	481	481	
1763	2928	2400	15222	

150	1	11	1
158	315	239	186	346	21	426	238	60	192	386	282	
8	1	
238	158	
2752	7670	

150	1	13	1
319	283	308	429	167	101	466	197	316	24	178	363	
12	2	
363	283	
1332	2017	

150	1	16	1
181	216	242	372	143	215	335	195	27	124	323	231	
12	-200	
231	481	
1498	10501	

150	1	18	1
382	86	265	259	71	91	289	155	357	33	129	443	
12	
443	
1900	

150	1	20	1
351	293	66	456	271	156	207	18	17	206	26	405	
12	3	1	
405	66	351	
2478	20003	2987	

150	1	22	1
141	213	61	146	103	379	222	59	341	223	240	22	
12	11	4	
22	240	146	
734	1018	1449	

150	1	23	1
412	19	39	358	274	410	235	469	45	384	230	89	
-99	
481	
42955	

151	1	4	1
278	279	97	138	148	23	102	286	453	395	15	134	
-99	
481	
42749	

151	1	6	1
272	473	95	466	145	287	34	222	129	310	132	245	
11	
132	
2066	

151	1	11	1
25	221	89	427	390	197	300	13	366	342	167	273	
7	12	-100	
300	273	481	
3105	4623	11000	

151	1	15	1
250	114	9	415	271	241	372	277	303	299	68	329	
6	-100	-100	-99	
241	481	481	481	
5113	14331	4927	14360	

151	1	16	1
416	37	196	150	284	392	468	445	268	50	253	267	
2	9	1	3	
37	268	416	196	
6857	5035	3232	3311	

151	1	21	1
264	311	471	349	444	307	117	109	364	318	292	381	
1	
264	
20963	

151	1	22	1
334	435	96	280	270	18	477	360	254	41	251	400	
10	4	1	5	
41	280	334	270	
2184	7386	17955	14840	

151	1	24	1
58	276	289	309	177	1	457	149	182	203	326	35	
1	
58	
27330	

152	1	3	1
419	111	306	234	66	450	197	363	338	477	108	379	
9	-99	8	-99	
338	481	363	481	
2664	1400	3301	27467	

152	1	6	1
280	355	392	396	220	242	162	453	52	98	374	301	
11	12	1	3	-99	
374	301	280	392	481	
4731	793	1763	4819	12303	

152	1	7	1
173	367	246	67	437	146	219	205	370	228	37	461	
8	6	
205	146	
3301	1185	

152	1	9	1
227	258	188	254	19	140	315	334	445	97	186	474	
-99	12	3	
481	474	188	
1381	999	8777	

152	1	12	1
142	11	240	274	106	96	207	179	435	73	319	351	
-99	
481	
44032	

152	1	15	1
18	100	189	260	209	178	408	386	255	440	43	7	
10	-100	
440	481	
8355	11784	

152	1	18	1
24	404	35	180	236	16	31	46	335	288	368	417	
11	5	2	4	
368	236	404	180	
1871	2468	12754	1518	

152	1	19	1
8	442	218	282	382	90	436	423	270	444	276	387	
-99	3	-99	9	2	
481	218	481	270	442	
3183	4731	3937	3389	22050	

152	1	21	1
291	390	230	141	290	86	385	187	134	446	359	177	
12	1	2	11	
177	291	390	359	
1949	5848	2223	1537	

152	1	23	1
267	421	341	182	53	289	432	269	281	21	410	105	
10	9	-99	
21	281	481	
1449	1773	9570	

152	1	24	1
448	366	72	169	475	316	125	287	424	95	176	48	
11	6	-99	-100	-100	
176	316	481	481	481	
1420	4564	5544	2380	11794	

153	1	3	1
59	233	33	2	200	184	337	21	217	246	1	164	
1	-99	4	-99	12	-99	
59	481	2	481	164	481	
969	969	1204	1293	2742	9923	

153	1	4	1
130	15	118	293	321	92	378	13	263	282	139	316	
-100	
481	
31376	

153	1	5	1
204	426	329	255	213	71	152	418	405	76	101	14	
1	3	5	
204	329	213	
1488	1175	969	

153	1	6	1
214	129	361	429	145	235	227	97	77	335	166	247	
1	2	3	3	11	12	9	-99	
214	129	361	361	166	247	77	481	
656	832	705	891	940	4408	12401	6210	

153	1	7	1
389	466	191	278	10	306	137	479	105	312	78	276	
-99	-100	1	-99	
481	481	389	481	
2262	2468	2840	10422	

153	1	8	1
34	372	269	473	403	38	11	410	83	12	16	46	
12	9	-100	11	
46	83	481	16	
842	803	587	734	

153	1	10	1
452	52	356	373	123	387	75	444	391	240	67	256	
1	-99	5	-99	5	
452	481	123	481	123	
715	1253	1253	1322	32120	

153	1	12	1
143	65	425	185	189	60	84	133	5	30	424	363	
1	2	12	3	-900	12	
143	65	363	425	481	363	
989	685	617	646	7533	626	

153	1	14	1
127	51	338	355	377	226	404	50	236	183	142	364	
1	-800	3	9	10	5	
127	481	338	236	183	377	
675	803	803	754	1048	3164	

153	1	24	1
201	320	207	202	107	163	476	103	281	290	206	289	
1	2	3	10	9	
201	320	207	290	281	
695	715	822	1704	9041	

154	1	3	1
220	471	3	288	368	232	19	331	162	114	317	415	
1	-99	9	
220	481	162	
6779	568	541	

154	1	5	1
388	441	38	408	451	269	473	237	479	117	66	43	
4	2	3	12	
408	441	38	43	
929	964	853	10775	

154	1	7	1
239	152	340	47	442	440	262	101	176	248	365	293	
8	9	10	11	12	
101	176	248	365	293	
735	791	541	652	686	

154	1	8	1
144	263	166	223	130	282	367	253	432	459	57	129	
3	6	-100	
166	282	481	
1054	617	520	

154	1	10	1
179	214	72	389	426	157	195	193	382	153	186	32	
3	4	-99	11	-99	
72	389	481	186	481	
791	568	1228	7986	9464	

154	1	11	1
316	341	40	181	138	194	191	58	465	336	81	211	
11	7	-300	
81	191	481	
3323	4794	29191	

154	1	13	1
51	392	390	128	414	311	110	363	6	266	205	83	
5	6	7	8	12	
414	311	110	363	83	
478	784	659	555	534	

154	1	16	1
249	79	252	430	283	35	397	7	324	402	280	406	
10	-1200	4	-99	8	
402	481	430	481	7	
485	839	2151	1776	10553	

154	1	18	1
448	97	238	67	254	454	380	17	468	231	434	91	
9	12	10	11	11	7	
468	91	231	434	434	380	
686	499	291	471	707	15577	

154	1	22	1
309	303	164	37	276	352	343	241	160	330	244	421	
1	2	3	4	12	
309	303	164	37	421	
624	589	1061	1186	964	

154	1	25	1
325	209	184	71	229	398	16	339	425	213	431	109	
-200	8	9	10	11	
481	339	425	213	431	
603	811	582	360	1117	

155	1	3	1
107	59	135	208	354	435	222	250	143	473	210	155	
10	-200	9	8	
473	481	143	250	
3136	2144	7035	9464	

155	1	4	1
169	357	227	325	424	401	71	212	178	12	4	297	
6	5	12	
401	424	297	
1290	1325	1706	

155	1	5	1
389	45	11	458	6	108	391	364	316	472	195	360	
-400	-400	
481	481	
2116	4954	

155	1	7	1
309	84	252	144	151	419	474	322	205	377	129	371	
12	1	10	-100	-99	
371	309	377	481	481	
1124	1061	1186	1443	2033	

155	1	11	1
340	154	193	47	421	466	130	225	449	361	50	138	
11	-200	12	-200	
50	481	138	481	
1436	1221	4225	3275	

155	1	12	1
9	75	172	175	383	105	256	35	301	345	202	147	
2	11	3	-99	-100	
75	202	172	481	481	
1498	1276	2567	10019	4975	

155	1	14	1
382	288	270	324	300	171	214	418	302	265	381	410	
1	8	3	6	-99	12	
382	418	270	171	481	410	
853	756	1457	922	11837	9339	

155	1	19	1
320	339	234	42	72	34	305	192	230	273	328	313	
1	4	5	6	8	12	
320	42	72	34	192	313	
1588	867	645	367	2831	3920	

155	1	21	1
159	287	95	37	280	368	7	394	336	390	80	468	
11	12	
80	468	
1117	756	

155	1	24	1
298	247	156	400	162	26	94	117	93	98	366	284	
1	2	3	-100	7	
298	247	156	481	94	
846	846	818	346	3046	

156	1	8	1
444	206	477	369	294	104	455	68	23	144	282	407	
11	9	-99	
282	23	481	
638	4107	4197	

156	1	9	1
150	314	160	385	377	400	227	7	191	252	237	218	
10	11	12	
252	237	218	
499	680	721	

156	1	12	1
210	261	380	474	233	350	415	161	166	87	212	142	
11	12	9	-600	-800	
212	142	166	481	481	
388	832	680	4073	2449	

156	1	14	1
64	153	295	34	8	126	268	276	266	30	117	253	
11	-500	-99	
117	481	481	
763	832	1172	

156	1	15	1
391	445	401	207	22	292	426	389	124	51	133	358	
11	
133	
3955	

156	1	20	1
329	40	235	181	277	262	386	384	348	293	50	451	
10	11	12	6	
293	50	451	262	
291	707	791	16375	

156	1	23	1
72	431	225	96	130	332	351	55	454	171	395	49	
10	-99	-2200	7	
171	481	481	351	
645	811	777	867	

156	1	24	1
158	306	35	302	450	39	382	136	456	301	340	10	
8	9	-800	-500	12	
136	456	481	481	10	
534	777	784	908	915	

157	1	3	1
219	126	30	275	3	66	36	185	452	393	181	108	
2	11	-99	12	9	6	
126	181	481	108	452	66	
3457	3624	5201	4584	5916	7748	

157	1	5	1
220	271	282	347	365	77	151	284	125	195	13	309	
-99	3	8	-100	12	
481	282	284	481	309	
3095	12607	3840	16212	4447	

157	1	6	1
414	52	408	170	444	478	103	297	124	369	17	159	
-99	-99	
481	481	
15888	24783	

157	1	8	1
321	134	60	377	404	466	461	443	308	471	245	403	
1	4	5	
321	377	404	
1910	12656	7777	

157	1	10	1
277	363	207	92	340	75	361	133	252	232	306	352	
1	3	6	-100	-200	
277	207	75	481	481	
626	1126	4839	5299	4192	

157	1	11	1
155	208	76	315	243	295	423	433	249	146	475	148	
10	5	
146	243	
1822	21276	

157	1	12	1
268	427	35	394	338	236	324	188	6	415	49	402	
4	
394	
30631	

157	1	13	1
233	371	388	122	314	154	158	180	47	273	177	204	
10	11	-99	8	
273	177	481	180	
666	6004	3115	16780	

157	1	14	1
291	161	366	391	439	330	445	213	384	201	355	269	
12	8	9	6	
269	213	384	330	
587	1185	2889	21296	

157	1	15	1
150	465	468	16	354	223	304	350	8	286	93	313	
11	-99	-400	
93	481	481	
852	1724	10119	

157	1	18	1
216	298	413	328	260	105	290	342	272	172	100	78	
11	7	10	12	
100	290	172	78	
538	2223	2977	2674	

157	1	25	1
43	431	209	15	130	399	39	229	425	407	19	214	
9	10	11	12	
425	407	19	214	
1391	1273	2380	1616	

159	1	3	1
110	300	155	387	478	280	282	23	475	464	66	131	
1	6	10	12	
110	280	464	131	
3487	773	1038	901	

159	1	5	1
214	323	406	430	381	58	13	301	169	21	410	103	
1	2	3	4	9	
214	323	406	430	169	
862	636	803	1048	842	

159	1	6	1
30	248	289	313	118	420	49	434	379	284	148	337	
1	2	4	6	-100	
30	248	313	420	481	
666	695	979	1234	27996	

159	1	10	1
36	330	342	437	412	254	350	146	128	152	303	159	
1	-200	-99	5	
36	481	481	412	
920	920	950	832	

159	1	15	1
134	212	225	28	236	286	158	83	125	466	132	10	
1	7	8	9	10	2	
134	158	83	125	466	212	
626	617	783	813	891	3017	

159	1	18	1
359	449	181	94	86	172	400	215	428	397	365	207	
1	2	4	11	
359	449	94	365	
254	891	1116	1136	

159	1	19	1
160	192	343	24	4	369	70	444	1	391	344	393	
-300	2	3	-600	
481	192	343	481	
352	587	1048	930	

159	1	20	1
315	371	171	72	137	230	275	61	319	183	112	338	
1	2	3	6	8	
315	371	171	230	61	
538	607	470	2351	871	

159	1	21	1
106	124	269	439	92	457	90	354	250	321	452	305	
-99	2	3	4	9	
481	124	269	439	250	
744	754	822	2027	1822	

159	1	22	1
144	102	47	366	6	311	242	308	477	438	63	37	
-1500	2	-99	5	3	
481	102	481	6	47	
764	862	1577	2135	1097	

711	1	5	1
26	332	112	395	17	361	387	465	75	221	358	432	
-100	6	
481	361	
2532	2095	

711	1	6	1
180	11	401	156	20	49	96	247	224	394	338	427	
-200	
481	
3011	

711	1	7	1
69	266	40	250	374	56	460	138	381	125	371	29	
12	
29	
3157	

711	1	8	1
279	82	368	238	189	321	183	139	3	5	182	351	
-99	
481	
43159	

711	1	11	1
229	9	446	372	1	203	187	311	318	444	146	355	
10	
444	
2366	

711	1	12	1
115	122	45	258	326	348	262	415	212	230	162	195	
7	
262	
5349	

711	1	13	1
24	46	72	385	307	158	366	169	191	174	382	362	
-99	
481	
42361	

711	1	16	1
13	249	237	8	408	207	276	145	410	208	44	204	
-100	
481	
2608	

711	1	17	1
359	285	330	205	105	470	223	254	377	219	196	438	
12	-99	
438	481	
21662	7091	

711	1	19	1
16	252	28	316	200	297	202	10	86	60	217	77	
-99	
481	
41910	

711	1	21	1
143	272	233	405	354	25	74	369	468	130	185	298	
2	
272	
3288	

711	1	24	1
440	31	315	380	291	117	181	120	248	293	456	300	
7	
181	
3975	

160	1	4	1
162	469	157	313	136	391	362	412	476	251	284	306	
12	11	12	11	8	2	
306	284	306	284	412	469	
1817	582	10942	742	18464	8833	

160	1	7	1
96	165	61	257	386	1	345	186	198	310	195	94	
12	10	9	-100	2	9	
94	310	198	481	165	198	
929	603	631	666	3018	6002	

160	1	14	1
169	95	366	65	118	228	26	451	177	53	308	458	
11	-300	5	1	
308	481	118	169	
1325	686	13780	21843	

160	1	15	1
221	278	176	460	427	88	398	399	291	204	465	295	
9	5	6	
291	427	88	
1408	32813	4822	

160	1	16	1
241	317	396	16	359	429	59	394	419	259	367	235	
8	11	1	-1200	8	11	1	7	
394	367	241	481	394	367	241	59	
1255	645	915	2241	5918	409	589	17582	

160	1	17	1
375	232	407	322	325	341	79	385	466	182	352	226	
10	5	10	5	9	-200	
182	325	182	325	466	481	
1360	1276	21857	624	582	9318	

160	1	22	1
369	287	428	258	381	254	145	20	253	282	237	446	
1	11	1	11	
369	237	369	237	
1748	548	17444	1693	

160	1	24	1
230	392	374	42	307	243	305	441	408	111	455	200	
3	-99	2	
374	481	392	
15882	777	638	

163	1	4	1
128	72	71	61	141	229	50	170	269	291	370	123	
12	-100	-100	2	
123	481	481	72	
853	2685	26742	5641	

163	1	6	1
278	203	352	428	202	321	212	294	477	125	215	157	
10	2	3	11	12	
125	203	352	215	157	
1679	666	8916	1568	4024	

163	1	7	1
371	124	200	15	254	33	240	411	284	469	94	111	
12	9	6	11	2	-100	
111	284	33	94	124	481	
818	1956	2324	2858	23057	6793	

163	1	10	1
194	445	47	474	366	299	309	10	69	98	150	432	
11	12	10	8	
150	432	98	10	
2026	1727	2546	7702	

163	1	11	1
288	4	163	277	213	147	390	292	260	174	7	82	
11	12	
7	82	
922	527	

163	1	17	1
325	368	32	462	165	104	429	52	436	210	184	162	
10	11	12	2	
210	184	162	368	
1020	562	527	7875	

163	1	19	1
199	369	349	274	8	258	396	361	201	430	439	242	
12	10	
242	430	
860	1443	

163	1	23	1
447	126	235	19	18	306	139	132	90	58	476	424	
10	9	11	
58	90	476	
1020	1248	12732	

163	1	25	1
298	454	259	239	166	149	261	226	65	297	379	60	
11	10	12	8	9	
379	297	60	226	65	
978	1748	1609	1755	13974	

158	1	4	1
162	477	285	156	87	161	440	63	34	28	69	224	
-100	
481	
32633	

158	1	6	1
129	315	349	427	140	205	357	277	57	305	151	109	
1	3	7	11	-100	-99	
129	349	357	151	481	481	
888	721	978	749	27200	9964	

158	1	8	1
339	467	7	75	115	169	223	462	231	387	134	128	
4	3	1	-99	
75	7	339	481	
1325	902	3580	2504	

158	1	11	1
385	65	251	136	62	258	300	193	238	471	183	108	
11	12	10	2	
183	108	471	65	
520	742	1984	707	

158	1	14	1
415	418	441	144	27	281	337	2	267	378	293	249	
10	11	12	-99	
378	293	249	481	
478	874	673	23085	

158	1	16	1
217	282	179	67	40	271	474	6	218	480	246	96	
-99	-99	-99	-99	
481	481	481	481	
867	742	582	1228	

158	1	17	1
451	104	70	294	1	399	221	16	403	262	10	435	
8	11	-99	
16	10	481	
2033	1311	3857	

158	1	19	1
380	241	51	255	439	454	302	165	160	341	47	336	
5	7	-99	-100	
439	302	481	481	
1477	742	797	4371	

158	1	25	1
329	304	52	215	348	155	25	68	182	303	20	32	
11	12	9	10	
20	32	182	303	
333	673	624	693	

161	1	3	1
260	458	349	328	184	76	279	115	121	365	190	410	
9	2	5	
121	458	184	
15091	797	4149	

161	1	4	1
240	372	162	137	394	45	15	368	227	217	449	444	
6	-99	2	
45	481	372	
2449	5655	23904	

161	1	7	1
298	309	396	92	118	265	301	54	148	141	283	91	
-99	
481	
44130	

161	1	9	1
48	18	183	23	346	347	201	192	40	263	205	343	
11	
205	
1970	

161	1	11	1
414	67	292	174	107	68	327	345	14	233	195	422	
11	3	
195	292	
2366	41077	

161	1	12	1
59	270	480	70	278	86	464	97	142	66	172	188	
10	12	
66	188	
1991	763	

161	1	13	1
334	462	385	418	87	219	340	243	452	415	88	155	
2	
462	
1436	

161	1	15	1
177	371	363	400	41	210	253	222	397	143	325	330	
-99	
481	
44616	

161	1	16	1
49	471	306	419	351	242	215	75	128	221	229	378	
9	
128	
7896	

161	1	17	1
467	366	105	144	72	376	431	63	34	132	28	315	
-99	
481	
44415	

161	1	18	1
322	420	65	5	147	29	9	108	214	358	223	139	
-99	
481	
44540	

161	1	19	1
337	164	258	332	22	463	175	259	110	44	336	82	
1	2	3	
337	164	258	
1033	17423	652	

161	1	22	1
17	251	362	109	106	30	268	74	308	303	282	477	
4	-200	
109	481	
10546	1526	

161	1	23	1
247	356	56	273	329	98	236	257	387	11	83	81	
4	
273	
874	

161	1	24	1
439	199	50	114	187	425	151	350	319	379	389	182	
12	
182	
1054	

115	1	6	1
119	154	440	116	402	458	257	201	206	425	408	210	
1	-300	2	-99	
119	481	154	481	
4648	818	832	11761	

115	1	9	1
414	14	195	266	172	90	358	260	444	296	405	379	
11	10	-99	
405	296	481	
2005	1658	1235	

115	1	10	1
32	327	225	98	391	404	4	177	332	118	293	226	
11	10	12	-200	
293	118	226	481	
3094	2130	2144	2962	

115	1	11	1
457	134	207	403	113	47	412	264	139	6	28	141	
1	2	4	12	3	
457	134	403	141	207	
1373	908	652	1228	4725	

115	1	13	1
224	40	7	228	324	49	131	344	165	203	211	352	
-99	9	3	
481	165	7	
978	888	1706	

115	1	14	1
167	255	398	31	280	104	454	371	350	244	200	427	
6	10	9	7	-99	-100	
104	244	350	454	481	481	
1450	1013	1151	978	3906	908	

115	1	15	1
318	337	192	274	58	423	213	78	13	184	302	245	
11	12	8	10	-99	
302	245	78	184	481	
1471	895	714	1248	4197	

115	1	16	1
61	57	295	175	363	346	92	310	53	145	278	230	
1	2	5	8	
61	57	363	310	
1075	1158	3524	2775	

115	1	20	1
449	11	311	373	1	191	354	55	25	401	471	353	
1	3	11	-1100	2	9	4	
449	311	471	481	11	25	373	
1110	839	832	1984	9381	5453	2296	

115	1	22	1
370	220	84	441	276	455	246	287	87	23	20	360	
3	11	1	
84	20	370	
3025	1075	3115	

115	1	24	1
315	304	2	474	50	135	428	125	317	316	410	152	
1	-99	
315	481	
2449	4211	

115	1	25	1
357	182	259	438	321	385	476	325	271	169	106	54	
1	2	-200	-99	
357	182	481	481	
617	1082	846	8416	

103	1	5	1
51	417	127	77	165	92	91	131	164	369	450	101	
6	
92	
17374	

103	1	8	1
170	183	4	146	292	273	234	336	332	13	102	247	
-99	
481	
43672	

103	1	9	1
97	449	107	382	37	297	381	198	139	154	338	462	
11	8	
338	198	
8853	16562	

103	1	12	1
427	308	395	364	204	181	84	232	289	104	213	457	
8	-400	-100	
232	481	481	
22682	5752	15050	

103	1	14	1
362	456	315	388	392	152	266	360	219	431	316	178	
11	3	-100	-99	-100	
316	315	481	481	481	
4954	2976	8139	2900	21184	

103	1	15	1
62	223	145	12	393	296	174	95	157	156	353	470	
10	9	12	-100	
156	157	470	481	
15300	6605	16798	978	

103	1	20	1
222	231	73	355	293	36	1	81	375	108	80	254	
10	12	9	
108	254	375	
4059	2088	20073	

103	1	21	1
106	250	278	113	261	357	184	118	189	203	326	412	
7	2	6	8	-400	
184	250	357	118	481	
2726	4184	15882	10484	1547	

103	1	23	1
227	229	374	331	32	255	130	416	135	245	72	305	
-99	
481	
44345	

105	1	7	1
196	370	355	459	340	341	150	248	138	66	35	189	
10	5	3	
66	340	355	
4766	4093	14689	

105	1	8	1
293	7	30	410	466	109	58	315	229	352	95	98	
11	6	-100	2	9	
95	109	481	7	229	
4406	3275	1533	4919	17888	

105	1	10	1
24	167	50	53	163	245	320	73	75	265	88	96	
12	8	10	
96	73	265	
7958	1020	18582	

105	1	11	1
210	235	141	269	357	153	120	16	149	168	442	457	
12	11	
457	442	
1047	17263	

105	1	12	1
298	154	247	14	329	40	192	146	283	72	361	392	
10	1	2	9	11	8	
72	298	154	283	361	146	
867	992	6487	2491	21690	9984	

105	1	17	1
214	434	151	236	240	81	124	332	301	255	204	470	
12	2	
470	434	
992	2837	

105	1	20	1
337	363	25	415	418	71	69	80	401	348	197	478	
-100	1	
481	337	
1346	7112	

105	1	21	1
160	243	148	77	304	262	318	15	404	268	131	142	
1	2	9	3	
160	243	404	148	
6397	985	12899	5106	

105	1	22	1
461	145	473	126	312	342	346	437	441	467	181	159	
12	11	10	-100	
159	181	467	481	
714	957	874	7015	

105	1	24	1
468	91	102	44	241	41	61	425	199	206	6	376	
12	10	11	7	-99	
376	206	6	61	481	
964	874	915	1269	27637	

100	1	3	1
29	294	187	415	183	49	314	307	109	300	140	67	
-99	-100	7	2	1	4	
481	481	314	294	29	415	
2005	1047	2865	1186	9624	7826	

100	1	4	1
94	282	401	279	14	182	122	59	292	381	429	238	
10	1	5	
381	94	14	
2393	1131	20330	

100	1	5	1
312	211	92	58	305	76	87	150	448	64	102	407	
-400	8	
481	150	
17818	1928	

100	1	6	1
463	178	317	114	123	5	22	231	190	46	276	222	
9	10	7	
190	46	22	
2685	1033	1588	

100	1	8	1
115	37	69	227	159	138	302	126	160	344	131	331	
3	7	4	10	
69	302	227	344	
7542	2012	9291	5440	

100	1	9	1
196	212	70	199	426	274	125	334	440	326	383	385	
1	10	7	8	
196	326	125	334	
2060	1540	1436	8923	

100	1	18	1
52	325	358	405	337	320	416	77	139	204	151	352	
12	-100	5	4	
352	481	337	405	
1658	12524	8166	19803	

100	1	21	1
79	351	248	38	19	129	158	420	259	103	216	233	
12	10	11	
233	103	216	
1630	728	770	

100	1	24	1
20	319	252	141	280	264	239	172	289	113	16	296	
6	-200	10	1	
264	481	113	20	
1373	860	1255	11795	

101	1	3	1
180	118	126	262	179	74	442	397	239	454	294	236	
1	-100	11	8	-99	
180	481	294	397	481	
652	1873	5960	6147	14814	

101	1	5	1
12	305	203	167	153	263	25	106	142	45	125	311	
10	1	11	12	5	-100	-99	12	
45	12	125	311	153	481	481	311	
2484	839	728	957	4593	4336	25624	2886	

101	1	6	1
275	444	138	116	160	24	159	117	169	207	20	375	
11	-100	6	-200	
20	481	24	481	
1727	1609	5537	16729	

101	1	12	1
356	378	60	76	344	81	401	158	174	332	273	186	
2	10	-99	3	-100	-99	
378	332	481	60	481	481	
763	777	749	10380	7264	10095	

101	1	13	1
195	36	292	430	419	478	302	376	210	357	336	161	
10	2	-99	-99	
357	36	481	481	
6453	4905	5280	5398	

101	1	14	1
252	447	235	141	43	341	393	303	295	136	385	365	
1	3	4	-99	
252	235	141	481	
270	617	3171	853	

101	1	15	1
79	390	226	152	228	29	42	84	15	128	197	476	
-99	
481	
44533	

101	1	17	1
189	51	287	377	149	242	360	112	255	14	374	219	
12	10	11	
219	14	374	
2636	457	631	

101	1	22	1
282	227	19	382	38	151	87	217	208	7	44	443	
10	11	12	-99	
7	44	443	481	
402	562	568	1311	

101	1	23	1
82	333	326	240	474	69	194	465	371	88	477	143	
8	7	-300	2	12	
465	194	481	333	143	
4163	2255	2199	2248	8236	

104	1	4	1
39	257	218	241	206	164	29	194	234	153	344	15	
12	11	7	
15	344	29	
15459	8076	8840	

104	1	7	1
357	108	328	465	389	368	134	416	166	348	57	159	
-100	
481	
22509	

104	1	11	1
169	351	209	262	407	221	107	125	45	387	277	40	
12	-500
40	481	
791	804	

104	1	12	1
223	60	161	458	367	13	19	287	123	479	32	440	
10	11	12	9	7	8	
479	32	440	123	19	287	
548	506	464	645	9762	2102	

104	1	13	1
11	173	240	9	122	249	151	397	136	345	186	177	
11	12	9	-1000	1	
186	177	136	481	11	
582	707	791	1894	3920	

104	1	14	1
182	312	420	332	83	66	58	360	37	210	156	238	
11	12	-1100	
156	238	481	
721	929	5412	

104	1	15	1
190	342	289	132	204	89	370	68	379	271	279	333	
12	6	
333	89	
1935	15071	

104	1	19	1
338	139	252	474	235	284	427	399	433	101	269	251	
-99	1	12	11	
481	338	251	269	
6321	2491	14175	1179	

104	1	21	1
18	291	303	413	444	388	239	253	317	55	300	230	
10	11	9	12	-1900	10	
55	300	317	230	481	55	
860	624	430	728	485	34180	

104	1	22	1
470	426	373	217	30	401	449	417	51	154	81	280	
11	12	6	-500	3	
81	280	401	481	373	
1380	791	2255	3885	2033	

104	1	23	1
104	424	295	430	90	272	219	339	390	170	142	114	
-99	
481	
44644	

109	1	5	1
2	251	264	377	96	409	426	228	71	174	293	187	
3	4	12	10	
264	377	187	174	
4093	9131	8694	1089	

109	1	6	1
320	130	384	119	455	395	24	39	147	213	235	274	
10	9	
213	147	
4392	7341	

109	1	7	1
3	201	198	378	159	177	273	109	27	78	209	269	
-99	10	11	6	12	4	
481	78	209	177	269	378	
1221	1040	1582	7292	1720	6078	

109	1	8	1
156	471	53	292	402	290	170	454	430	125	33	146	
12	11	9	10	-200	6	
146	33	430	125	481	290	
1110	1366	1006	1679	7681	14252	

109	1	12	1
425	313	424	319	233	301	307	171	165	183	312	122	
12	11	10	1	4	
122	312	183	425	319	
2317	797	1866	1519	12982	

109	1	13	1
191	121	75	212	380	136	160	379	461	247	181	104	
11	12	10	2	3	7	10	
181	104	247	121	75	160	247	
2164	1887	707	1637	14127	7618	4413	

109	1	15	1
362	169	330	222	479	252	316	60	420	396	241	419	
2	10	11	8	
169	396	241	60	
2824	624	1339	39127	

109	1	18	1
133	227	56	232	445	237	217	477	291	357	453	381	
12	7	8	-400	
381	217	477	481	
1748	825	1498	5287	

109	1	19	1
95	23	436	43	178	435	97	48	256	459	26	22	
12	-600	1	
22	481	95	
3524	1491	7028	

109	1	20	1
190	30	439	244	423	19	250	145	270	437	229	444	
12	9	11	1	-200	-200	
444	270	229	190	481	481	
2629	1269	7070	4933	4135	728	

600	1	5	1
94	325	477	383	275	341	282	140	369	455	233	169	
-100	10	

481	455	
12593	25971	

600	1	6	1
223	207	312	53	424	148	157	47	290	41	373	390	
10	9	7	11	
41	290	157	373	
1831	1484	6813	6800	

600	1	7	1
35	86	319	3	392	359	119	270	113	236	396	182	
2	1	10	11	8	9	
86	35	236	396	270	113	
17680	1457	9936	3517	4940	1491	

600	1	15	1
34	116	149	387	196	84	168	285	335	178	21	478	
6	9	10	
84	335	178	
1630	34201	2019	

600	1	16	1
144	98	111	280	239	103	229	197	306	324	40	416	
12	
416	
11365	

600	1	17	1
163	445	357	320	274	72	381	9	142	318	109	331	
-99	
481	
44456	

600	1	18	1
460	472	304	457	230	307	420	349	380	449	220	132	
-99	
481	
44227	

600	1	21	1
333	283	354	286	206	281	99	435	296	226	418	139	
10	3	6	7	
226	354	281	99	
1845	6751	7146	1588	

600	1	22	1
426	177	243	355	18	114	432	252	479	129	202	419	
-1900	11	
481	202	
7105	15133	

600	1	23	1
323	66	442	57	374	438	363	228	54	365	170	145	
8	1	12	4	
228	323	145	57	
2268	4836	14467	12170	

600	1	24	1
255	450	160	238	96	2	71	205	370	124	444	403	
12	11	
403	444	
7688	1033	
