111	1	5	0
141	214	136	142	447	179	445	313	208	324	68	147	
11	8	12	6	
68	313	147	179	
1817	506	763	1429	

111	1	7	0
200	466	83	55	367	243	155	246	24	206	185	293	
12	10	6	4	7	
293	206	243	55	155	
1471	451	8416	9249	8090	

111	1	3	0
339	154	54	259	18	239	432	256	193	342	168	171	
12	11	2	3	8	9	
171	168	154	54	256	193	
1727	964	1131	832	5363	7840	

111	1	9	0
124	176	380	244	27	120	76	325	135	240	91	149	
12	11	-99	1	-100	
149	91	481	124	481	
1422	1089	1068	929	28178	

111	1	12	0
299	297	411	160	448	338	150	242	431	375	387	219	
12	11	9	-100	
219	387	431	481	
1276	395	838	17052	

111	1	14	0
137	356	392	261	456	281	77	308	101	397	427	454	
11	5	8	9	
427	456	308	101	
2747	1880	2500	4504	

111	1	16	0
451	110	284	23	226	82	118	304	6	412	30	316	
-99	12	11	10	5	
481	316	30	412	226	
1200	673	784	680	2386	

111	1	18	0
34	283	205	56	22	262	298	60	112	173	277	415	
12	9	11	
415	112	277	
804	846	589	

111	1	21	0
258	263	115	337	106	52	287	300	409	202	328	422	
9	10	11	12	1	
409	202	328	422	258	
1151	707	555	527	5217	

111	1	23	0
416	62	322	474	312	224	413	245	98	341	470	458	
12	10	-99	10	
458	341	481	341	
978	874	1450	28455	

111	1	19	0
318	47	81	459	286	117	21	71	351	329	107	400	
12	11	1	8	6	
400	107	318	71	117	
686	492	624	1595	1006	

111	1	22	0
292	53	199	31	423	467	203	174	32	442	97	194	
11	12	9	8	
97	194	32	174	
1484	999	811	797	

108	1	13	0
419	194	345	153	244	456	298	279	60	353	44	260	
11	12	9	10	4	7	-99	
44	260	60	353	153	298	481	
610	459	419	624	420	938	13524	

108	1	15	0
193	82	36	254	103	390	199	281	314	152	83	236	
12	11	6	8	
236	83	390	281	
659	922	770	749	

108	1	17	0
51	439	268	215	120	118	3	50	141	219	459	75	
12	9	6	
75	141	118	
1054	950	1713	

108	1	18	0
187	200	110	164	367	106	91	357	198	350	305	18	
-99	-99	-99	-99	-99	-99	-99	-99	-99	-99	-99	-99	
481	481	481	481	481	481	481	481	481	481	481	481	
728	603	506	430	2137	367	388	416	1360	2012	11004	693	

108	1	4	0
23	317	359	283	223	157	348	306	170	445	421	240	
9	11	12	8	9	11	12	8	1	
170	421	240	306	170	421	240	306	23	
1015	606	543	1343	3464	581	901	1376	3591	

108	1	6	0
347	76	370	42	41	6	478	427	109	10	315	444	
10	11	12	2	
10	315	444	76	
860	666	728	1436	

108	1	8	0
328	197	276	122	59	356	212	144	291	253	344	98	
12	11	10	7	1	11	-99	
98	344	253	212	328	344	481	
562	721	423	1040	11032	1144	13051	

108	1	25	0
73	334	52	11	131	117	408	364	323	126	389	113	
12	10	6	-1900	11	5	
113	126	117	481	389	131	
832	596	527	1387	520	5426	

108	1	5	0
451	379	228	278	402	287	376	220	238	405	257	96	
10	9	11	8	7	4	6	1	
405	238	257	220	376	278	287	451	
589	992	784	3101	1096	1526	541	5426	

108	1	7	0
209	169	95	79	256	271	68	424	138	430	25	366	
12	11	10	-400	8	
366	25	430	481	424	
596	478	596	3767	3379	

120	1	4	0
240	119	453	144	92	74	257	197	4	222	267	53	
11	12	10	6	-100	3	
267	53	222	74	481	453	
963	896	2052	1578	3024	24131	

120	1	6	0
374	109	462	202	187	380	166	26	192	207	248	228	
12	11	9	10	-300	6	
228	248	192	207	481	380	
1142	740	1496	1236	3410	4167	

120	1	10	0
355	21	244	375	66	44	278	433	406	340	211	405	
12	11	5	2	-100	
405	211	66	21	481	
1361	1215	1783	1992	11129	

120	1	12	0
126	480	61	379	139	250	72	19	186	301	103	164	
9	10	11	12	-200	
186	301	103	164	481	
1621	1502	824	1194	2357	

120	1	17	0
101	99	293	55	256	212	157	255	272	397	117	171	
-100	4	5	12	3	10	
481	55	256	171	293	397	
813	844	2284	1569	19823	17987	

120	1	20	0
54	325	49	183	132	163	290	141	1	253	204	206	
6	7	12	1	2	-200	
163	290	206	54	325	481	
1147	1001	2378	3061	2534	7614	

120	1	22	0
385	2	342	326	407	333	199	421	230	471	357	339	
3	4	12	6	7	12	8	9	
342	326	339	333	199	339	421	230	
578	662	657	1225	1356	3165	2701	897	

120	1	25	0
77	450	245	41	294	221	418	123	442	151	91	50	
12	4	7	6	5	11	-1300	
50	41	418	221	294	91	481	
844	1032	761	1429	1262	3191	3082	

120	1	3	0
190	45	218	233	89	120	269	25	149	315	152	426	
12	10	-100	11	-100	
426	315	481	152	481	
886	949	2034	1157	9252	

120	1	7	0
133	299	71	161	102	265	262	12	33	70	307	281	
8	9	10	11	12	
12	33	70	307	281	
907	724	1178	1215	1679	

120	1	15	0
51	273	364	68	312	439	437	35	336	43	105	313	
5	-200	-99	-100	
312	481	481	481	
3280	2164	6748	29420	

120	1	21	0
349	167	377	130	436	134	461	137	428	16	331	337	
10	11	12	9	
16	331	337	428	
954	756	829	2159	

120	1	23	0
277	474	8	107	122	308	242	65	113	344	328	227	
6	7	8	9	12	-100	
308	242	65	113	227	481	
1116	672	704	865	1303	2957	

120	1	13	0
13	320	287	100	292	254	420	196	59	358	79	468	
6	10	11	12	8	-99	10	-300	
254	358	79	468	196	481	358	481	
1319	949	1434	1199	2153	2080	3546	8521	

115	1	4	0
309	297	149	178	96	209	288	251	166	198	229	144	
8	9	10	11	12	3	
251	166	198	229	144	149	
624	791	763	520	763	1811	

115	1	7	0
190	148	241	171	109	329	137	73	76	334	215	18	
6	10	11	12	1	4	
329	334	215	18	190	171	
451	659	610	680	631	2976	

115	1	12	0
160	107	290	272	282	445	21	435	256	138	406	216	
12	8	7	10	2	
216	435	21	138	107	
1297	804	582	596	686	

115	1	17	0
430	263	130	443	343	400	461	240	86	275	300	238	
10	11	12	-99	
275	300	238	481	
2754	1179	631	1464	

115	1	19	0
236	306	72	29	475	376	361	237	202	320	117	5	
6	7	1	-100	-99	12	-100	
376	361	236	481	481	5	481	
1131	532	593	1179	804	689	5450	

115	1	21	0
250	214	261	434	123	284	460	173	347	42	188	308	
11	12	6	10	9	-99	
188	308	284	42	347	481	
777	936	839	839	728	2095	

115	1	23	0
269	367	156	153	17	252	322	155	351	426	111	415	
11	12	1	2	4	-1800	
111	415	269	367	153	481	
638	534	825	652	797	19393	

115	1	3	0
459	208	359	183	477	394	378	48	390	179	431	254	
5	7	-99	12	
477	378	481	254	
714	617	804	728	

115	1	5	0
356	470	421	185	413	44	46	66	99	396	340	268	
9	10	11	12	1	5	6	
99	396	340	268	356	413	44	
506	520	652	506	527	409	867	

115	1	8	0
281	291	328	393	433	382	265	348	292	75	326	465	
10	11	-99	7	9	8	6	
75	326	481	265	292	348	382	
340	624	492	492	610	839	1165	

115	1	18	0
479	74	289	39	121	217	299	469	83	64	193	342	
12	11	1	10	9	7	
342	193	479	64	83	299	
1845	541	825	666	804	666	

118	1	4	0
78	48	183	464	201	11	68	28	138	427	207	307	
11	12	10	8	-99	2	
207	307	427	28	481	48	
1124	908	686	1200	6321	9186	

118	1	6	0
49	184	106	448	73	345	199	94	180	457	168	351	
12	10	11	9	3	4	12	11	10	9	
351	457	168	180	106	448	351	168	457	180	
867	943	804	1380	1471	1207	4364	6501	7146	2248	

118	1	8	0
253	385	36	256	110	150	151	442	71	409	353	135	
12	10	11	9	8	11	
135	409	353	71	442	353	
811	471	1144	1026	1290	12219	

118	1	10	0
421	426	47	12	175	396	218	61	157	148	305	103	
12	10	11	7	5	-99	
103	148	305	218	175	481	
902	666	853	2886	2067	27692	

118	1	3	0
391	232	222	57	15	378	293	389	251	289	290	334	
12	10	11	6	-99	
334	289	290	378	481	
1151	735	1075	867	40106	

118	1	7	0
252	117	410	193	214	124	438	67	262	90	158	147	
11	12	10	6	5	
158	147	90	124	214	
811	680	853	2151	2040	

118	1	12	0
475	231	387	162	119	375	125	313	75	160	85	330	
12	10	11	1	
330	160	85	475	
1262	1276	1020	5051	

118	1	17	0
22	455	134	358	382	51	383	172	242	416	314	288	
11	12	3	6	5	2	
314	288	134	51	382	455	
1061	686	1616	1970	1797	11428	

118	1	21	0
336	478	69	38	350	10	335	89	326	166	477	66	
12	11	9	8	10	
66	477	326	89	166	
1137	735	922	1693	1360	

118	1	11	0
132	225	161	24	215	323	189	179	359	287	139	13	
9	10	11	12	5	
359	287	139	13	215	
853	624	770	1013	1353	

118	1	13	0
381	204	182	126	198	397	17	194	310	128	400	479	
10	11	12	8	9	11	-99	
128	400	479	194	310	400	481	
818	922	902	1471	1908	12614	12274	

118	1	22	0
476	274	246	63	25	159	244	357	104	239	473	37	
12	11	10	9	3	
37	473	239	104	246	
680	742	1200	1311	10366	

145	1	4	0
203	305	346	319	173	254	215	455	296	198	475	342	
12	11	10	8	
342	475	198	455	
1353	895	971	881	

145	1	6	0
314	171	177	405	191	419	247	31	274	56	300	137	
12	10	-99	8	4	7	
137	56	481	31	405	247	
680	652	770	3268	8624	3830	

145	1	8	0
374	30	138	157	125	273	266	190	292	401	126	389	
12	6	11	10	
389	273	126	401	
735	1255	2442	5988	

145	1	11	0
139	120	310	333	275	404	361	332	383	154	371	225	
12	10	11	7	
225	154	371	361	
1131	686	756	936	

145	1	13	0
101	379	439	452	204	286	18	306	321	387	183	246	
12	10	11	8	3	4	
246	387	183	306	439	452	
728	1394	1089	1158	1117	2643	

145	1	18	0
447	19	418	24	112	9	323	329	312	2	37	70	
12	-99	10	3	9	
70	481	2	418	312	
1235	797	638	992	1068	

145	1	20	0
212	478	301	206	303	337	322	127	13	78	178	441	
12	11	10	9	1	2	
441	178	78	13	212	478	
1221	562	1609	881	652	735	

145	1	22	0
25	445	464	17	27	415	232	163	200	285	326	113	
12	11	10	9	7	5	
113	326	285	200	232	27	
797	943	1477	1131	1325	26062	

145	1	25	0
236	288	169	38	166	430	21	330	331	470	460	410	
12	10	11	7	3	8	
410	470	460	21	169	330	
666	999	541	1575	1269	8118	

145	1	5	0
149	155	382	122	308	142	62	260	413	390	61	386	
12	10	11	
386	390	61	
915	874	1089	

145	1	14	0
414	287	6	261	282	277	440	95	407	74	128	466	
12	11	10	6	7	1	5	
466	128	74	277	440	414	282	
791	666	1082	1026	1006	28532	5169	

145	1	21	0
208	153	309	188	434	35	211	281	347	229	73	60	
12	11	10	2	6	
60	73	229	153	35	
1207	1026	1339	5946	6515	

142	1	7	0
317	152	376	189	123	49	130	6	419	225	185	300	
12	11	10	8	7	2	
300	185	225	6	130	152	
1484	527	680	707	1339	19824	

142	1	10	0
202	389	287	325	18	24	118	204	378	454	320	44	
-99	11	9	10	1	
481	320	378	454	202	
971	506	568	888	936	

142	1	12	0
259	335	285	52	356	253	137	101	358	184	165	257	
12	11	10	8	
257	165	184	101	
631	735	714	784	

142	1	15	0
16	147	313	411	284	438	10	218	103	449	256	264	
12	10	9	8	
264	449	103	218	
950	777	811	1033	

142	1	17	0
39	11	354	1	42	380	239	34	161	472	243	396	
12	11	7	8	10	
396	243	239	34	472	
575	666	680	818	1026	

142	1	19	0
265	262	248	112	62	211	477	439	337	291	252	237	
12	11	10	9	1	
237	252	291	337	265	
582	568	575	527	791	

142	1	21	0
148	401	379	371	108	272	59	344	176	186	198	158	
-99	11	10	9	6	
481	198	186	176	272	
797	416	673	1193	2976	

142	1	23	0
199	390	385	65	362	157	384	304	282	51	2	17	
12	11	9	4	1	
17	2	282	65	199	
513	589	1471	2102	5793	

142	1	25	0
260	153	187	451	426	64	102	168	442	417	269	238	
12	11	8	10	6	3	
238	269	168	417	64	187	
770	541	444	749	2990	14051	

142	1	3	0
242	395	463	149	228	217	35	54	367	254	279	182	
12	11	6	9	12	11	6	9	1	-100	
182	279	217	367	182	279	217	367	242	481	
728	617	520	853	5668	270	277	409	14377	4753	

142	1	11	0
267	355	71	368	334	398	363	72	73	462	294	349	
12	11	10	7	8	11	
349	294	462	363	72	294	
915	506	1214	659	1332	12295	

142	1	16	0
104	22	7	308	420	456	437	155	293	8	58	480	
12	11	10	1	9	
480	58	8	104	293	
575	575	797	1193	1200	

142	1	20	0
474	332	15	409	122	223	91	452	46	109	194	330	
12	11	10	8	-200	
330	194	109	452	481	
777	520	589	1124	21558	

142	1	22	0
30	459	126	366	139	57	68	466	181	316	277	55	
10	10	12	11	1	
316	316	55	277	30	
582	1977	659	964	1651	

122	1	7	0
206	30	275	249	404	333	315	47	276	162	349	467	
11	12	8	10	6	2	
349	467	47	162	333	30	
985	707	721	562	6203	5620	

122	1	9	0
369	141	284	252	196	41	370	230	173	103	386	71	
11	12	-300	3	
386	71	481	284	
860	652	777	2275	

122	1	11	0
382	310	336	178	218	69	374	202	473	387	142	90	
12	11	8	-200	
90	142	202	481	
902	680	846	8021	

122	1	13	0
46	223	179	259	460	447	228	398	166	123	201	155	
11	12	10	3	
201	155	123	179	
610	652	673	825	

122	1	15	0
14	361	31	242	170	347	150	312	289	240	60	407	
12	10	11	9	-200	
407	240	60	289	481	
825	742	451	811	1984	

122	1	17	0
422	50	384	198	352	211	244	124	204	61	243	295	
8	10	11	12	-400	2	-99	
124	61	243	295	481	50	481	
1283	541	714	797	582	2775	15473	

122	1	20	0
98	34	180	255	432	169	380	389	151	414	94	33	
10	11	12	9	-99	-200	
414	94	33	151	481	481	
659	770	777	610	6480	21815	

122	1	22	0
239	145	81	120	368	257	184	278	68	76	423	235	
11	12	10	1	9	
423	235	76	239	68	
839	527	568	1554	1727	

122	1	25	0
470	471	304	152	117	53	187	453	334	254	420	134	
12	10	11	4	5	
134	254	420	152	117	
624	624	353	922	908	

122	1	3	0
465	326	153	274	393	345	75	372	63	264	16	140	
12	11	10	3	11	
140	16	264	153	16	
839	562	596	728	19560	

124	1	5	0
225	346	62	147	145	266	103	329	304	51	239	182	
10	11	12	
51	239	182	
2983	929	895	

124	1	7	0
88	408	435	236	471	93	107	75	220	148	472	8	
10	12	8	
148	8	75	
1963	735	902	

124	1	13	0
290	113	245	237	37	224	474	23	112	335	342	338	
9	12	11	
112	338	342	
1096	534	596	

124	1	19	0
13	362	449	344	287	278	368	318	170	448	212	246	
11	12	9	8	6	
212	246	170	318	278	
1179	374	1096	1734	1741	

124	1	22	0
132	475	59	405	436	274	204	173	133	459	121	303	
4	11	12	
405	121	303	
1887	631	645	

124	1	24	0
71	64	386	33	470	219	332	9	146	120	171	261	
11	-99	12	10	9	
171	481	261	120	146	
1235	645	596	985	2477	

124	1	8	0
396	444	385	255	280	123	164	394	227	480	341	442	
10	11	12	9	
480	341	442	227	
1360	534	457	735	

124	1	20	0
398	43	269	240	317	467	90	272	60	403	282	424	
12	1	2	-99	
424	398	43	481	
1436	971	1047	4322	

124	1	23	0
353	421	58	140	419	468	161	321	40	149	41	373	
10	12	11	9	11	12	10	
149	373	41	40	41	373	149	
1242	860	721	8229	5141	3434	12011	

117	1	6	0
374	381	296	368	67	466	340	391	298	131	130	441	
12	11	9	8	1	
441	130	298	391	374	
1464	568	603	451	610	

117	1	9	0
241	361	280	311	267	286	119	273	86	430	412	212	
12	11	-99	2	
212	412	481	361	
1415	777	1568	2504	

117	1	13	0
217	316	258	161	242	375	272	176	338	265	369	148	
12	8	10	9	
148	176	265	338	
1068	541	485	4912	

117	1	19	0
52	331	274	379	409	470	356	99	459	252	226	349	
12	11	10	
349	226	252	
839	749	1054	

117	1	21	0
96	188	384	250	358	238	135	71	283	195	307	377	
12	11	12	11	10	7	
377	307	377	307	195	135	
721	457	1255	520	804	943	

117	1	24	0
269	56	50	322	350	315	383	111	442	145	297	169	
12	11	8	
169	297	111	
1137	735	818	

117	1	20	0
270	417	85	301	306	13	114	166	393	22	401	28	
12	11	7	8	3	
28	401	114	166	85	
915	534	617	506	666	

103	1	4	0
173	98	432	193	67	418	58	386	402	167	17	123	
12	11	
123	17	
1790	1082	

103	1	6	0
133	120	27	472	459	405	176	194	121	359	10	333	
12	11	-100	6	
333	10	481	405	
971	631	9020	5474	

103	1	10	0
29	192	236	379	237	7	340	172	458	260	325	303	
10	11	12	-100	5	3	2	4	
260	325	303	481	237	236	192	379	
1776	596	971	1471	6140	1006	4961	16118	

103	1	13	0
350	186	66	93	448	82	414	114	24	474	258	321	
12	11	
321	258	
1332	1082	

103	1	16	0
218	348	479	240	126	143	112	377	329	162	201	249	
12	10	11	1	
249	162	201	218	
1137	784	1242	17111	

103	1	18	0
68	47	99	161	248	211	20	299	235	53	385	304	
12	11	10	
304	385	53	
749	1047	1387	

103	1	22	0
461	378	160	238	319	291	251	22	103	421	373	144	
12	11	9	
144	373	103	
1117	1262	1540	

103	1	24	0
320	335	272	384	317	119	3	30	343	367	309	396	
12	11	1	
396	309	320	
1450	1235	4052	

103	1	3	0
134	195	345	78	268	88	147	478	11	79	50	221	
12	11	-99	4	8	
221	50	481	78	478	
1512	763	2067	797	3649	

103	1	7	0
371	467	428	196	163	246	241	323	370	187	132	86	
12	11	6	4	
86	132	246	196	
1595	1040	4621	11622	

103	1	11	0
314	387	311	390	439	344	74	287	434	41	361	282	
12	11	10	
282	361	41	
874	596	1464	

103	1	17	0
208	59	358	406	40	285	14	61	33	124	175	312	
12	11	9	
312	175	33	
1068	1248	1179	

103	1	19	0
475	444	21	404	365	398	286	281	368	469	452	226	
12	9	11	
226	368	452	
992	818	1269	

103	1	25	0
253	83	128	322	185	171	233	399	239	401	153	407	
12	10	9	
407	401	239	
1700	895	1165	

105	1	4	0
180	417	99	278	382	362	12	267	350	238	86	52	
12	10	11	7	12	8	
52	238	86	12	52	267	
791	686	818	5044	5370	15397	

105	1	6	0
195	65	456	119	36	201	83	409	76	97	110	406	
12	11	10	8	1	2	
406	110	97	409	195	65	
652	978	756	5467	7570	22509	

105	1	9	0
256	162	280	264	259	367	224	239	385	369	8	202	
12	11	4	
202	8	264	
1054	853	10775	

105	1	13	0
157	193	372	60	43	389	203	432	316	215	380	426	
12	9	3	11	
426	316	372	380	
610	1172	19907	10470	

105	1	15	0
21	143	62	135	414	216	186	55	311	397	37	353	
12	11	10	8	-900	-100	11	2	1	5	
353	37	397	55	481	481	37	143	21	414	
860	784	908	1110	1672	4857	8673	6196	1547	17534	

105	1	18	0
400	393	85	388	435	5	276	292	33	226	244	424	
10	11	12	-100	6	
226	244	424	481	5	
541	811	825	7112	35172	

105	1	25	0
471	101	94	261	430	184	349	408	405	365	227	253	
11	12	6	9	8	
227	253	184	405	408	
541	659	791	2824	12600	

105	1	3	0
279	257	74	165	27	79	152	345	422	423	234	92	
12	11	10	2	1	
92	234	423	257	279	
1124	638	693	1977	39370	

105	1	5	0
123	451	469	89	334	391	190	121	104	175	455	179	
12	11	10	3	7	5	2	
179	455	175	469	190	334	451	
666	839	652	1207	2033	1901	11872	

105	1	14	0
56	324	19	28	207	297	3	11	275	284	136	68	
12	10	11	7	8	-100	
68	284	136	3	11	481	
929	797	881	1304	1193	31515	

105	1	16	0
178	445	333	379	171	444	472	182	161	32	343	49	
11	12	9	8	2	11	
343	49	161	182	445	343	
867	797	534	3060	19532	4760	

105	1	19	0
29	18	412	302	260	46	288	309	313	191	440	87	
10	11	12	9	6	7	
191	440	87	313	46	288	
437	686	784	811	13544	10762	

113	1	4	0
226	427	203	332	462	25	232	477	252	299	76	119	
7	12	4	9	-99	
232	119	332	252	481	
2144	797	9145	11421	513	

113	1	7	0
200	383	282	86	114	184	419	391	120	307	422	121	
5	3	11	12	5	
114	282	422	121	114	
971	666	700	928	2661	

113	1	10	0
214	143	242	176	77	80	211	125	191	404	413	379	
10	11	2	3	
404	413	143	242	
839	589	853	645	

113	1	12	0
249	98	357	222	18	433	286	37	234	174	308	46	
11	12	1	
308	46	249	
1401	735	2706	

113	1	14	0
180	178	392	372	366	196	103	399	346	147	344	276	
11	1	8	12	
344	180	399	276	
1526	596	618	872	

113	1	18	0
444	305	181	320	428	259	264	347	94	69	291	101	
10	11	12	9	
69	291	101	94	
1311	1242	645	915	

113	1	20	0
89	250	261	327	461	369	388	166	290	281	453	71	
6	-200	11	
369	481	453	
1013	673	1665	

113	1	5	0
19	469	454	304	289	378	387	140	198	294	274	359	
10	6	11	12	1	
294	378	274	359	19	
1221	520	797	1082	17228	

113	1	19	0
215	153	409	390	95	323	195	272	442	78	5	115	
9	10	12	11	
442	78	115	5	
1228	603	693	943	

113	1	21	0
151	118	26	280	41	266	316	254	131	175	34	75	
7	2	-1800	11	12	
316	118	481	34	75	
2255	680	555	1838	666	

600	1	4	0
51	174	425	461	45	22	101	188	463	212	162	232	
11	12	4	8	
162	232	461	188	
756	797	728	35339	

600	1	8	0
317	6	332	107	227	81	470	11	393	198	213	190	
12	11	10	7	2	10	
190	213	198	470	6	198	
1214	832	582	3649	4780	9346	

600	1	10	0
409	154	278	468	372	100	289	279	155	348	437	303	
11	10	12	9	2	1	
437	348	303	155	154	409	
797	659	1720	8388	846	23515	

600	1	12	0
405	246	309	175	152	321	146	434	397	263	97	225	
10	11	12	3	6	7	
263	97	225	309	321	146	
1609	915	1020	22183	3934	645	

600	1	14	0
187	447	62	337	260	131	127	110	194	65	344	448	
10	11	12	6	12	7	
65	344	448	131	448	127	
881	659	895	2470	18408	14397	

600	1	19	0
338	165	44	334	473	68	49	141	231	340	67	454	
-99	12	9	8	
481	454	231	141	
874	693	645	2331	

600	1	25	0
308	480	371	388	395	293	89	302	240	291	199	87	
11	-1000	8	1	3	
199	481	302	308	371	
985	1047	6362	11102	4184	

600	1	3	0
298	201	76	136	135	33	221	58	350	398	327	42	
12	11	8	7	2	5	6	9	
42	327	58	221	201	135	33	350	
1047	534	589	791	1131	4496	1228	17978	

600	1	9	0
269	12	193	299	147	277	276	215	452	216	413	4	
12	11	9	10	6	3	-200	
4	413	452	216	277	193	481	
950	541	860	735	5259	33757	1686	

600	1	11	0
248	172	245	436	191	108	61	368	264	375	167	36	
11	12	9	6	
167	36	264	108	
985	784	659	14689	

600	1	13	0
79	408	104	173	410	467	235	203	185	73	210	130	
10	11	12	
73	210	130	
1568	631	1214	

600	1	20	0
181	251	257	176	137	189	184	262	219	378	118	295	
12	11	10	1	
295	118	378	181	
1595	791	610	21531	

100	1	7	0
451	1	269	452	253	12	195	21	134	270	412	431	
12	10	8	6	
431	270	21	12	
1713	804	915	12954	

100	1	10	0
283	428	374	3	439	309	200	472	323	6	143	367	
10	3	12	
6	374	367	
1665	777	714	

100	1	12	0
133	266	246	454	304	111	149	23	105	256	205	66	
11	12	2	-100	5	
205	66	266	481	304	
1609	707	832	1547	39502	

100	1	14	0
240	260	174	366	28	427	422	40	232	475	273	142	
10	11	12	3	7	9	
475	273	142	174	422	232	
1477	964	1096	1720	12351	17305	

100	1	16	0
220	32	278	394	78	31	285	189	251	156	146	153	
10	12	11	8	3	
156	153	146	189	278	
1575	1047	839	13273	25083	

100	1	19	0
333	234	378	471	61	164	127	370	479	295	335	375	
12	8	1	10	9	
375	370	333	295	479	
1297	680	1588	1144	9159	

100	1	22	0
241	287	349	221	263	181	476	354	30	4	245	179	
10	11	-700	3	11	10	
4	245	481	349	245	4	
1540	749	1484	7070	15265	5481	

100	1	25	0
408	414	11	467	389	388	2	81	373	89	261	421	
12	11	2	3	6	
421	261	414	11	388	
1096	756	811	15424	8402	

100	1	11	0
9	430	396	177	203	255	298	474	257	236	173	356	
10	11	12	
236	173	356	
1609	797	1956	

100	1	13	0
382	161	290	361	433	117	338	441	224	347	82	119	
12	11	6	3	4	11	
119	82	117	290	361	82	
1498	645	964	3996	8951	16299	

100	1	15	0
277	247	284	214	386	457	293	308	306	104	480	167	
8	12	2	1	
308	167	247	277	
1665	874	9561	888	

100	1	17	0
399	371	262	286	73	249	329	18	215	106	393	39	
12	11	10	6	
39	393	106	249	
1387	624	1332	2137	

100	1	20	0
311	99	297	327	218	321	83	154	419	434	268	7	
11	12	1	
268	7	311	
1262	874	1436	

100	1	23	0
45	171	442	435	27	107	53	443	404	110	447	418	
12	10	11	
418	110	447	
1186	1089	860	

158	1	3	0
420	417	209	66	42	244	256	243	107	170	356	284	
12	10	11	8	4	
284	170	356	243	66	
943	645	548	23126	7362	

158	1	5	0
103	275	364	465	145	280	368	48	361	213	247	390	
6	7	8	9	10	1	
280	368	48	361	213	103	
902	478	631	513	742	13204	

158	1	9	0
59	37	31	44	92	206	272	340	386	388	273	201	
11	12	5	10	
273	201	92	388	
985	506	610	728	

158	1	12	0
318	168	297	438	153	111	443	442	15	422	24	176	
9	10	11	12	1	
15	422	24	176	318	
777	680	1054	797	784	

158	1	15	0
105	77	91	352	269	354	196	295	416	410	458	363	
-99	12	5	-400	-99	
481	363	269	481	481	
305	617	888	19095	6577	

158	1	18	0
314	18	402	323	175	428	29	433	220	83	189	142	
1	2	12	3	4	-99	
314	18	142	402	323	481	
582	499	451	666	596	568	

158	1	20	0
41	320	17	159	229	216	321	319	394	154	138	123	
11	12	6	10	8	9	1	
138	123	216	154	319	394	41	
555	444	673	763	631	2046	10290	

158	1	22	0
263	446	261	316	328	478	327	259	371	335	99	437	
10	11	12	9	4	
335	99	437	371	316	
652	423	568	534	5786	

158	1	24	0
110	78	185	270	148	82	35	133	401	468	460	232	
12	11	1	4	
232	460	110	270	
596	520	742	1977	

158	1	10	0
39	351	250	190	184	139	210	152	239	54	330	21	
-99	10	11	12	5	-99	
481	54	330	21	184	481	
603	617	804	728	686	17402	

158	1	13	0
398	322	5	228	81	289	355	112	177	3	240	125	
12	11	10	-400	-99	-100	
125	240	3	481	481	481	
1033	638	631	568	19060	9977	

158	1	21	0
432	50	338	375	60	379	207	245	472	174	219	374	
12	11	2	3	
374	219	50	338	
707	617	3164	33250	

158	1	23	0
45	236	309	211	367	343	86	362	58	291	404	265	
11	12	10	3	1	
404	265	291	309	45	
548	707	680	1006	7493	

160	1	5	0
148	421	131	397	197	279	416	479	109	91	189	331	
12	10	-100	11	9	12	11	
331	91	481	189	109	331	189	
614	544	621	1271	5566	2751	11614	

160	1	8	0
274	273	23	340	245	81	323	404	2	344	387	471	
9	-100	4	12	11	2	12	
2	481	340	471	387	273	471	
832	652	1901	610	915	797	5065	

160	1	10	0
355	37	276	117	164	370	337	347	393	358	119	101	
9	4	8	7	-99	-300	-200	-200	
393	117	347	337	481	481	481	481	
624	1165	520	2504	2324	2803	1505	1429	

160	1	12	0
212	315	264	321	320	127	222	304	433	55	123	4	
4	11	2	-100	1	4	-100	
321	123	315	481	212	321	481	
2053	374	1977	1360	2789	14522	8423	

160	1	18	0
76	389	371	149	24	180	338	454	453	378	218	106	
10	11	12	8	9	-99	10	
378	218	106	454	453	481	378	
1026	693	1172	645	874	10234	29781	

160	1	20	0
328	409	473	174	185	459	379	45	266	9	401	152	
11	12	8	2	10	12	4	-99	
401	152	45	409	9	152	174	481	
1464	589	1228	1401	3559	5551	1665	8506	

160	1	23	0
343	191	60	163	44	329	420	51	47	151	128	294	
-100	10	12	11	1	
481	151	294	128	343	
936	499	603	908	2713	

160	1	25	0
236	478	12	86	406	10	388	100	293	432	158	124	
12	10	1	-99	3	
124	432	236	481	12	
1304	416	8978	8562	10206	

161	1	5	0
323	2	90	289	320	338	246	206	80	393	360	62	
12	11	10	
62	360	393	
555	617	777	

161	1	8	0
152	89	244	19	248	168	157	354	465	456	423	52	
12	11	10	4	-200	5	
52	423	456	19	481	248	
589	846	943	1408	5745	17777	

161	1	10	0
291	209	31	122	124	104	225	450	36	403	94	302	
11	12	7	4	
94	302	225	122	
624	735	777	23883	

161	1	14	0
271	166	27	428	443	324	377	256	454	390	33	287	
12	11	10	
287	33	390	
700	797	707	

161	1	20	0
213	305	1	341	299	388	440	79	476	272	180	313	
12	11	1	
313	180	213	
645	888	659	

161	1	25	0
326	478	131	127	468	176	451	135	158	232	445	101	
11	12	10	9	
445	101	232	158	
631	596	846	589	

161	1	6	0
288	129	102	339	314	216	64	198	218	202	434	416	
11	12	10	
434	416	202	
680	430	1040	

161	1	21	0
413	310	333	120	361	296	430	359	262	250	437	264	
12	11	10	4	
264	437	250	120	
555	728	596	707	

163	1	5	0
222	232	49	431	285	458	156	308	158	414	204	118	
12	10	4	
118	414	431	
1228	645	5891	

163	1	8	0
419	363	107	340	249	324	339	192	133	112	13	211	
12	11	10	4	8	-100	
211	13	112	340	192	481	
971	881	645	6404	26776	6376	

163	1	12	0
410	276	63	175	216	346	413	434	244	472	51	380	
11	12	9	4	3	
51	380	244	175	63	
1033	437	964	3913	1776	

163	1	16	0
74	286	219	471	374	227	171	406	362	313	88	145	
12	11	10	
145	88	313	
985	444	617	

163	1	18	0
337	252	208	236	303	96	87	386	131	344	289	57	
12	10	11	-99	5	6	1	
57	344	289	481	303	96	337	
804	686	742	839	17062	631	23571	

163	1	20	0
80	448	425	345	253	73	418	332	78	75	2	307	
12	11	10	7	
307	2	75	418	
763	437	1013	1693	

163	1	22	0
395	134	302	350	67	330	189	218	480	328	41	86	
11	12	9	
41	86	480	
1047	839	1089	

163	1	24	0
103	197	255	382	375	79	355	315	335	449	55	353	
12	11	5	
353	55	375	
742	908	19407	

163	1	9	0
316	154	251	416	30	24	183	89	334	179	12	459	
11	12	2	-100	
12	459	154	481	
749	520	1401	24355	

163	1	13	0
421	275	186	290	336	106	176	341	356	279	27	142	
12	11	9	-100	
142	27	356	481	
742	749	1325	13398	

163	1	15	0
293	238	220	267	44	59	385	85	399	357	365	388	
12	11	8	6	
388	365	85	59	
562	735	680	1519	

163	1	21	0
256	257	196	38	347	280	97	34	394	68	450	478	
11	12	9	10	
450	478	394	68	
818	985	881	1006	

121	1	5	0
317	234	255	155	273	382	6	253	118	200	294	465	
4	-99	8	12	7	
155	481	253	465	6	
1720	763	1242	1304	9263	

121	1	7	0
358	129	332	264	452	426	227	137	397	195	252	346	
11	12	10	8	5	3	
252	346	195	137	452	332	
1269	888	1103	1464	2629	2539	

121	1	9	0
148	214	189	344	184	208	351	128	279	243	386	302	
8	9	10	11	12	
128	279	243	386	302	
1214	811	1366	1221	1047	

121	1	12	0
474	146	151	336	467	88	201	402	99	403	313	176	
12	8	4	11	
176	402	336	313	
1588	1137	1748	2386	

121	1	18	0
418	157	443	49	72	366	297	79	363	134	441	226	
12	10	11	1	4	3	8	
226	134	441	418	49	443	79	
1172	971	1360	1346	1602	6425	5231	

121	1	21	0
311	345	304	362	217	475	275	114	178	94	70	28	
10	11	12	6	5	11	
94	70	28	475	217	70	
1255	957	1353	1242	1387	21239	

121	1	24	0
428	479	92	463	147	56	278	221	138	469	371	67	
10	11	12	9	3	2	
469	371	67	138	92	479	
1290	1075	1228	1401	30752	1776	

121	1	6	0
319	254	262	36	425	154	392	124	144	427	339	204	
11	12	6	5	11	2	9	
339	204	154	425	339	254	144	
1235	950	1519	1269	7688	11511	9651	

121	1	25	0
330	59	372	305	143	91	212	416	38	96	191	87	
11	12	1	3	9	10	8	6	
191	87	330	372	38	96	416	91	
1450	888	1318	1158	1672	1318	1894	25479	

107	1	13	0
282	374	474	459	407	384	330	307	95	306	79	469	
12	9	5	2	
469	95	407	374	
2067	589	10172	4121	

107	1	19	0
105	48	236	436	294	202	18	432	34	160	427	421	
12	10	11	8	-900	5	10	
421	160	427	432	481	294	160	
1415	763	541	15598	1901	8562	1804	

107	1	21	0
402	286	47	142	437	206	224	61	389	295	38	276	
12	9	11	10	
276	389	38	295	
1727	548	506	582	

107	1	23	0
417	287	233	274	140	204	137	423	291	64	396	278	
12	11	10	
278	396	64	
1484	464	1013	

107	1	25	0
89	12	304	83	458	218	103	283	475	214	399	35	
8	11	12	-100	
283	399	35	481	
2324	541	999	21364	

107	1	6	0
20	380	367	263	138	323	166	201	116	413	181	215	
11	12	9	
181	215	116	
1977	617	2914	

107	1	12	0
440	430	281	289	151	320	473	73	463	386	418	336	
10	12	9	7	11	12	10	
386	336	463	473	418	336	386	
1748	541	714	5828	17444	4683	13273	

107	1	14	0
84	76	32	419	255	7	86	309	457	311	258	243	
12	11	6	
243	258	7	
2019	1013	11025	

107	1	16	0
15	238	285	293	43	249	451	124	128	174	17	303	
10	11	12	7	
174	17	303	451	
1491	791	1464	2178	

107	1	18	0
4	438	223	365	3	472	372	387	339	40	383	119	
11	12	1	
383	119	4	
2185	1110	811	

107	1	20	0
296	120	78	363	251	252	216	401	403	98	23	52	
12	7	8	2	
52	216	401	120	
2234	915	527	21676	

110	1	5	0
377	104	404	127	223	270	236	309	73	126	159	282	
12	10	11	
282	126	159	
1977	1255	874	

110	1	9	0
55	90	351	161	201	175	34	229	196	273	415	74	
10	11	12	
273	415	74	
1242	666	1498	

110	1	12	0
80	366	111	244	179	289	371	3	64	200	402	243	
11	12	10	
402	243	200	
1526	1033	1734	

110	1	13	0
227	97	364	133	247	226	426	170	256	453	189	476	
11	12	10	
189	476	453	
1734	1082	1061	

110	1	17	0
176	317	414	210	319	163	209	367	65	240	54	242	
12	11	8	4	
242	54	367	210	
1068	957	1124	2477	

110	1	19	0
409	361	220	88	121	39	31	350	188	183	235	333	
12	10	11	
333	183	235	
1588	1020	770	

110	1	21	0
455	450	363	38	261	325	267	359	143	114	255	469	
11	10	12	
255	114	469	
1144	714	1033	

110	1	25	0
299	384	434	30	142	429	84	178	423	202	413	53	
11	12	
413	53	
1304	2615	

114	1	4	0
62	200	86	245	152	249	273	344	44	227	416	113	
7	9	11	6	3	
273	44	416	249	86	
1311	499	1568	5856	4253	

114	1	7	0
199	187	22	140	349	125	278	150	390	135	53	397	
11	9	12	7	
53	390	397	278	
1262	423	1408	1436	

114	1	13	0
414	244	94	310	181	65	374	215	237	131	475	130	
11	12	3	5	8	
475	130	94	181	215	
1110	492	1665	3066	895	

114	1	15	0
285	202	428	32	301	439	132	236	111	43	54	270	
9	10	12	7	
111	43	270	132	
1131	860	478	3802	

114	1	18	0
391	221	279	89	110	235	333	114	108	234	201	471	
9	10	11	12	5	
108	234	201	471	110	
1662	446	564	580	5067	

114	1	5	0
209	353	93	341	474	393	352	147	15	100	302	8	
10	11	12	8	-200	
100	302	8	147	481	
2331	858	1107	774	5979	

114	1	19	0
241	246	284	329	339	126	267	167	351	123	12	385	
11	12	10	7	3	-100	5	1	
12	385	123	267	284	481	339	241	
1560	387	513	852	943	780	4548	3671	

114	1	22	0
342	157	450	308	133	418	61	257	52	457	478	214	
12	11	9	1	1	6	12	
214	478	52	342	342	418	214	
816	522	422	866	3737	14889	2581	

114	1	24	0
82	134	122	417	204	322	453	408	207	399	331	290	
9	10	11	12	7	1	
207	399	331	290	453	82	
980	400	582	474	502	5276	

114	1	20	0
262	287	423	305	68	34	295	186	337	330	383	47	
12	-1700	11	6	8	11	
47	481	383	34	186	383	
895	568	629	598	613	2300	

114	1	23	0
454	59	33	384	178	420	79	37	106	312	162	265	
12	-99	9	1	11	
265	481	106	454	162	
1242	478	2872	3171	3955	

114	1	25	0
360	255	348	24	124	16	118	180	372	84	121	379	
9	10	11	-99	
372	84	121	481	
1283	434	413	767	

116	1	4	0
45	193	404	101	276	168	138	91	21	358	424	273	
12	11	2	-99	
273	424	193	481	
1276	1006	11254	11768	

116	1	8	0
58	69	377	176	107	24	132	114	296	111	150	210	
12	10	5	3	1	
210	111	107	377	58	
1727	1283	2629	2851	2942	

116	1	10	0
85	116	347	480	373	388	17	430	123	390	60	50	
1	11	11	12	2	
85	60	60	50	116	
2879	2400	1235	2262	29621	

116	1	13	0
162	53	205	209	436	330	152	259	226	357	109	196	
12	11	1	9	4	7	
196	109	162	226	209	152	
2060	1235	3261	14474	13808	4919	

116	1	16	0
279	130	88	185	314	256	378	106	363	262	310	19	
12	11	10	9	1	
19	310	262	363	279	
2040	818	902	1477	16465	

116	1	18	0
277	297	159	248	383	295	143	198	52	13	476	445	
12	11	5	-900	
445	476	383	481	
1831	2171	1963	2463	

116	1	20	0
416	271	306	391	326	41	341	245	232	230	419	301	
12	11	2	1	3	
301	419	271	416	306	
2192	770	4787	985	2768	

116	1	22	0
249	169	16	322	115	327	177	422	149	289	293	349	
12	11	1	-99	8	
349	293	249	481	422	
1713	1498	1804	1824	2178	

116	1	24	0
172	47	385	432	251	2	179	323	308	316	27	315	
12	10	11	9	10	
315	316	27	308	316	
2720	1311	1443	14071	8069	

116	1	3	0
389	470	247	127	5	324	238	8	175	68	158	233	
12	11	9	
233	158	175	
1124	1082	1242	

116	1	5	0
368	264	329	394	240	84	244	224	342	192	473	72	
12	-99	10	1	
72	481	192	368	
1901	2109	1984	3788	

116	1	9	0
26	14	96	117	235	76	62	170	250	365	202	355	
12	1	8	6	
355	26	170	76	
2352	2414	1706	26776	

116	1	11	0
70	160	217	148	167	288	286	431	151	294	398	137	
12	11	1	
137	398	70	
1942	1679	26124	

116	1	14	0
44	285	112	409	227	156	465	261	258	197	305	87	
-900	8	
481	261	
2206	7119	

116	1	17	0
181	386	443	54	10	211	299	275	40	136	81	28	
12	11	1	-100	
28	81	181	481	
1949	943	1484	7008	

116	1	19	0
339	12	206	328	442	403	220	471	74	268	337	165	
12	-99	3	
165	481	206	
1713	1124	1262	

116	1	21	0
190	376	335	67	351	434	371	321	31	417	161	265	
12	11	9	1	
265	161	31	190	
1700	1117	3490	1179	

116	1	25	0
336	30	466	32	367	164	204	467	42	340	201	396	
12	10	11	1	
396	340	201	336	
2262	1332	1720	1498	

106	1	5	0
343	12	149	371	21	430	248	176	112	388	410	389	
12	11	8	1	
389	410	176	343	
1928	582	791	742	

106	1	7	0
126	230	78	225	355	24	212	74	168	245	125	375	
12	10	11	8	
375	245	125	74	
1484	818	1047	3261	

106	1	9	0
223	298	198	34	135	50	449	434	425	233	267	293	
12	11	-99	9	6	8	
293	267	481	425	50	434	
1124	825	874	1616	1082	5335	

106	1	12	0
152	314	331	307	374	366	339	236	333	473	392	395	
11	12	10	
392	395	473	
693	645	742	

106	1	6	0
87	363	320	120	338	370	159	475	199	345	457	315	
12	11	9	
315	457	199	
2331	1186	881	

106	1	14	0
158	323	427	447	297	107	218	359	313	414	287	439	
11	12	10	6	-200	
287	439	414	107	481	
631	548	582	714	666	

106	1	17	0
211	472	163	387	200	407	138	337	188	477	195	384	
12	10	9	11	
384	477	188	195	
1096	756	596	1422	

106	1	19	0
231	118	206	113	346	84	226	413	254	83	422	93	
11	12	9	
422	93	254	
742	832	902	

106	1	21	0
385	182	32	364	379	60	137	253	97	194	390	325	
11	12	
390	325	
2942	1283	

106	1	24	0
401	229	336	417	186	405	305	264	110	386	360	67	
11	12	3	4	1	8	
360	67	336	417	401	264	
1013	895	978	673	1200	1228	

106	1	18	0
394	420	103	26	86	277	310	308	140	373	381	81	
12	11	9	5	
81	381	140	86	
721	638	742	797	

106	1	25	0
446	292	271	144	190	204	316	433	65	136	442	207	
11	12	10	-100	-99	
442	207	136	481	481	
1089	714	784	2234	562	

119	1	4	0
2	152	172	5	72	277	296	71	346	97	444	28	
1	11	12	6	10	-100	-200	
2	444	28	277	97	481	481	
1228	673	666	777	582	9471	30551	

119	1	12	0
321	136	457	195	6	249	301	145	118	124	120	460	
9	10	11	12	7	5	12	3	
118	124	120	460	301	6	460	457	
1061	575	471	881	1158	6855	8035	16375	

119	1	14	0
15	149	360	25	429	432	287	335	270	395	271	45	
11	10	9	12	6	1	
271	395	270	45	432	15	
915	437	534	624	596	7035	

119	1	16	0
89	38	263	8	259	469	215	216	313	226	192	227	
11	12	9	10	-300	8	7	
192	227	313	226	481	216	215	
617	548	680	680	1262	673	8215	

119	1	18	0
380	102	449	10	318	421	466	173	246	359	468	427	
9	10	11	12	8	-100	10	
246	359	468	427	173	481	359	
770	603	659	721	1339	10463	12045	

119	1	20	0
310	447	251	86	19	472	41	428	105	256	426	280	
10	11	12	4	2	5	
256	426	280	86	447	19	
693	749	1013	867	922	1068	

119	1	24	0
450	462	107	106	461	424	84	44	406	144	294	405	
12	11	4	3	5	9	10	8	1	
405	294	106	107	461	406	144	44	450	
693	1394	867	1158	1422	7820	4357	9991	14446	

119	1	5	0
61	264	306	36	166	80	437	250	303	31	21	76	
11	12	6	-99	2	
21	76	80	481	264	
1158	666	1047	3698	8680	

119	1	15	0
308	200	351	194	214	210	222	23	269	139	12	476	
11	12	1	9	6	8	10	
12	476	308	269	210	23	139	
860	756	735	860	1165	11379	4177	

123	1	4	0
160	115	128	238	84	43	56	270	459	336	74	452	
10	11	12	-99	7	6	4	
336	74	452	481	56	43	238	
478	541	1033	9679	832	3282	5960	

123	1	7	0
215	123	366	411	188	105	135	434	281	303	294	86	
8	9	10	11	12	1	2	4	
434	281	303	294	86	215	123	411	
437	610	707	895	2067	7840	1526	1006	

123	1	16	0
259	339	209	7	477	343	186	479	383	107	394	332	
10	11	12	9	8	
107	394	332	383	479	
680	430	985	839	1242	

123	1	5	0
300	359	213	57	72	315	163	288	250	400	111	60	
4	10	12	-400	-100	5	4	-100	2	
57	400	60	481	481	72	57	481	359	
1207	1588	1006	7674	3809	10276	2463	874	12253	

123	1	21	0
416	375	326	309	277	448	73	271	388	13	338	316	
2	3	11	12	5	4	6	8	-1700	
375	326	338	316	277	309	448	271	481	
728	895	846	929	2192	1429	5148	14411	3233	

123	1	24	0
364	319	167	2	119	97	10	90	170	330	455	63	
8	9	5	4	-99	
90	170	119	2	481	
2726	1075	3906	797	12434	

125	1	7	0
1	45	415	237	186	346	398	210	214	82	252	161	
12	11	4	
161	252	237	
1262	610	6702	

125	1	9	0
176	93	100	36	334	47	138	178	457	434	164	28	
12	11	1	
28	164	176	
943	478	11691	

125	1	12	0
149	66	313	20	317	276	239	206	167	39	91	295	
12	11	8	10	11	
295	91	206	39	91	
978	756	971	9624	1672	

125	1	14	0
326	285	213	51	151	407	380	192	344	305	308	282	
12	10	9	-100	6	
282	305	344	481	407	
846	763	943	5266	11698	

125	1	16	0
43	118	343	447	478	327	197	350	338	50	218	71	
12	9	11	7	
71	338	218	197	
707	860	700	860	

125	1	18	0
179	432	420	416	458	385	53	463	173	35	198	370	
12	11	8	10	-100	
370	198	463	35	481	
728	735	888	1644	1741	

125	1	20	0
283	114	412	144	94	248	224	436	141	331	46	446	
12	11	-99	10	9	
446	46	481	331	141	
673	832	811	1422	860	

125	1	23	0
108	466	401	30	433	160	354	42	260	65	322	156	
12	11	10	1	3	11	
156	322	65	108	401	322	
582	908	992	922	839	7223	

125	1	25	0
293	393	323	339	329	55	139	316	377	29	127	375	
10	11	8	
29	127	316	
1360	777	714	

125	1	3	0
320	102	37	383	422	226	361	289	269	435	162	24	
11	9	12	-100	4	
162	269	24	481	383	
915	659	881	1311	1637	

125	1	13	0
177	152	348	273	245	391	387	58	117	171	444	360	
12	9	11	-100	
360	117	444	481	
784	777	707	16930	

125	1	17	0
461	430	123	135	257	155	428	217	386	195	378	366	
12	11	10	
366	378	195	
652	714	811	

125	1	21	0
19	153	84	209	357	2	309	249	474	431	368	34	
12	10	11	6	2	
34	431	368	2	153	
721	749	804	624	1727	

125	1	24	0
231	56	342	112	4	221	324	109	81	330	208	438	
12	11	10	1	
438	208	330	231	
791	562	680	568	

126	1	4	0
63	292	242	154	471	243	305	409	27	130	82	73	
12	11	10	4	1	
73	82	130	154	63	
326	645	735	1089	9513	

126	1	7	0
467	463	187	390	355	144	352	239	47	83	115	438	
12	11	7	10	
438	115	352	83	
444	541	617	874	

126	1	9	0
38	271	317	197	264	295	358	280	451	50	184	134	
12	11	-200	6	5	
134	184	481	295	264	
589	742	686	2109	3150	

126	1	12	0
479	405	57	125	180	151	252	293	455	26	342	341	
11	12	10	3	-99	
342	341	26	57	481	
1061	673	680	3497	10824	

126	1	16	0
161	308	376	254	329	182	150	65	424	346	202	368	
12	11	10	2	10	
368	202	346	308	346	
409	534	589	721	16326	

126	1	18	0
9	120	323	88	253	76	78	159	72	245	143	136	
11	12	8	10	9	8	
143	136	159	245	72	159	
638	555	624	464	555	3427	

126	1	21	0
275	95	343	10	379	378	403	219	297	303	311	31	
12	11	9	3	2	
31	311	297	343	95	
784	666	832	2893	5453	

126	1	24	0
470	370	377	12	468	54	283	391	462	227	475	183	
12	11	7	4	2	3	-99	5	9	
183	475	283	12	370	377	481	468	462	
617	659	3302	1804	1235	673	7917	2775	6973	

126	1	5	0
100	148	121	80	4	177	425	432	41	344	248	13	
5	6	12	11	1	
4	177	13	248	100	
346	548	693	568	13266	

126	1	8	0
140	142	260	123	421	449	255	190	435	224	476	223	
11	12	9	-99	7	-99	
476	223	435	481	255	481	
249	555	666	2213	6800	2713	

126	1	10	0
456	149	351	238	166	431	401	192	410	218	365	119	
12	11	8	-99	
119	365	192	481	
700	700	749	16118	

126	1	13	0
108	383	357	156	347	429	206	16	247	185	181	445	
12	11	
445	181	
242	596	

126	1	25	0
97	61	170	256	235	265	35	251	480	215	75	439	
12	11	-99	10	
439	75	481	215	
797	610	1491	2012	

127	1	4	0
118	455	253	361	390	388	436	321	180	145	352	178	
12	11	-99	-200	
178	352	481	481	
1859	1706	3844	3608	

127	1	6	0
426	397	444	4	38	43	160	60	35	374	454	109	
10	11	12	
374	454	109	
2102	2747	2636	

127	1	9	0
347	277	249	225	62	431	204	155	75	342	435	205	
11	10	12	-99	
435	342	205	481	
3691	2720	3205	7278	

127	1	13	0
264	283	276	357	240	364	11	80	45	318	111	262	
10	-99	11	-99	-99	-100	
318	481	111	481	481	481	
2851	4531	1117	5252	8971	4107	

127	1	19	0
412	233	40	169	185	314	85	257	36	343	335	260	
9	11	10	-99	
36	335	343	481	
2622	1283	1595	30787	

127	1	23	0
452	360	34	199	344	380	310	266	108	195	479	323	
1	-99	6	5	10	11	3	7	-100	-100	
452	481	380	344	195	479	34	310	481	481	
2289	1151	1054	5002	5571	1228	8173	3559	12441	1200	

127	1	5	0
39	142	115	473	222	465	381	91	183	235	392	274	
12	11	10	7	4	
274	392	235	381	473	
1609	1977	1693	2164	13260	

127	1	7	0
158	244	161	442	389	320	275	182	424	86	301	46	
10	12	11	1	-99	10	
86	46	301	158	481	86	
5148	1290	1700	10956	11157	4808	

127	1	10	0
42	177	429	299	37	44	124	252	272	340	270	297	
10	12	-99	-200	-99	
340	297	481	481	481	
3323	1443	2331	12441	20268	

127	1	16	0
457	448	263	313	191	467	215	307	430	106	53	319	
11	-99	8	
53	481	307	
3795	1942	1949	

127	1	20	0
443	176	293	47	469	358	57	167	22	187	25	88	
12	-700	6	5	-99	7	
88	481	358	469	481	57	
1387	1401	3233	1457	1124	20601	

127	1	24	0
82	26	327	284	69	184	438	345	175	478	471	7	
-900	10	-400	12	3	-100	1	2	-400	
481	478	481	7	327	481	82	26	481	
2886	978	1075	1228	1297	867	1686	1436	11920	

127	1	25	0
157	464	372	147	138	226	393	322	120	110	68	292	
6	11	12	3	2	-99	7	
226	68	292	372	464	481	393	
4073	1013	1672	4877	3101	6196	17895	

128	1	4	0
431	289	102	47	48	302	389	440	404	293	388	421	
12	10	3	5	4	10	1	
421	293	102	48	47	293	431	
742	686	1020	1450	1186	19726	6161	

128	1	7	0
271	124	100	24	239	98	200	111	238	469	297	301	
12	12	12	10	11	-200	9	
301	301	301	469	297	481	238	
645	159	832	3157	915	881	3622	

128	1	10	0
89	434	290	298	23	149	429	317	274	42	315	81	
12	11	8	12	11	8	-100	-100	-100	3	4	
81	315	317	81	315	317	481	481	481	290	298	
596	735	693	10283	1089	888	8500	4975	680	3309	4642	

128	1	16	0
195	26	25	401	156	311	321	432	94	341	136	68	
10	11	12	4	2	3	7	
341	136	68	401	26	25	321	
846	915	589	2539	4621	902	6869	

128	1	18	0
247	330	471	209	27	304	223	449	278	425	10	370	
11	-99	10	6	2	7	-100	
10	481	425	304	330	223	481	
485	645	1047	13662	2546	18089	3684	

128	1	20	0
191	456	272	338	64	384	5	72	363	320	175	281	
11	12	10	9	4	3	2	
175	281	320	363	338	272	456	
555	742	971	23973	4364	5932	5100	

128	1	23	0
203	164	211	408	344	20	36	300	88	337	322	262	
10	11	12	
337	322	262	
548	846	756	

129	1	5	0
375	476	195	473	279	120	364	181	66	439	79	246	
12	11	10	8	1	-99	9	
246	79	439	181	375	481	66	
1144	1089	1429	1547	6723	6605	22807	

129	1	7	0
133	373	256	138	115	116	327	319	154	278	203	211	
12	9	10	11	7	-100	
211	154	278	203	327	481	
1228	1061	818	1706	1380	2720	

129	1	9	0
187	339	324	353	128	287	438	106	374	78	377	68	
10	9	12	11	7	
78	374	68	377	438	
1124	950	666	17943	3469	

129	1	11	0
12	271	222	273	45	158	378	130	337	232	145	65	
12	10	4	6	
65	232	273	158	
1422	874	1353	1360	

129	1	16	0
293	172	254	50	409	308	102	436	376	110	435	83	
11	12	5	7	1	
435	83	409	102	293	
1498	929	1408	5752	20594	

129	1	20	0
152	443	358	351	284	404	416	260	326	134	261	201	
12	11	9	5	4	
201	261	326	284	351	
874	846	1366	1491	7500	

129	1	22	0
114	132	59	230	301	22	217	428	69	346	48	223	
11	12	4	-1600	7	-100	
48	223	230	481	217	481	
1325	1304	1457	1852	15757	13662	

129	1	6	0
31	247	136	382	466	461	390	25	275	437	202	402	
12	11	4	3	
402	202	382	136	
1339	1318	5606	16701	

129	1	8	0
225	394	178	169	388	170	52	272	276	329	328	49	
10	11	12	6	7	
329	328	49	170	52	
1401	1075	1845	4121	17208	

129	1	12	0
381	177	360	168	259	229	1	238	357	422	304	446	
10	12	11	-100	
422	446	304	481	
1207	902	1845	26415	

129	1	17	0
302	151	9	359	62	267	235	372	81	146	239	406	
12	10	1	4	
406	146	302	359	
811	1193	9186	2844	

129	1	21	0
397	317	43	290	180	427	323	219	347	47	237	89	
12	11	10	8	
89	237	47	219	
645	881	1401	1373	

130	1	6	0
267	296	61	34	105	386	291	361	51	209	307	85	
12	11	10	-200	
85	307	209	481	
388	846	666	902	

130	1	10	0
454	274	299	235	79	115	301	25	353	381	318	367	
12	-100	-99	-100	
367	481	481	481	
1242	888	1443	22093	

130	1	12	0
15	135	169	173	125	416	172	69	93	376	467	207	
12	11	9	10	
207	467	93	376	
721	1255	2102	11851	

130	1	15	0
1	330	2	132	238	102	431	327	196	293	195	457	
12	9	6	-400	
457	196	102	481	
957	527	742	33771	

130	1	18	0
469	272	396	224	210	237	187	59	265	414	382	302	
12	11	10	7	
302	382	414	187	
464	534	693	10880	

130	1	20	0
391	341	468	275	261	248	149	139	356	198	222	16	
12	10	11	8	
16	198	222	139	
645	638	881	26471	

130	1	22	0
32	11	352	290	320	443	182	474	171	277	312	411	
12	10	11	3	10	
411	277	312	352	277	
208	950	562	596	13815	

130	1	3	0
143	151	75	280	214	315	141	346	185	164	83	373	
12	10	-2300	-200	
373	164	481	481	
610	686	1117	8173	

130	1	5	0
362	425	208	323	124	71	118	116	269	415	258	241	
12	11	8	-99	1	-99	
241	258	116	481	362	481	
360	818	8923	1255	5759	10553	

130	1	11	0
279	254	9	240	233	281	471	380	243	268	76	306	
12	11	9	-100	
306	76	243	481	
666	485	707	39911	

130	1	13	0
289	28	239	73	340	159	162	472	53	464	372	407	
12	11	9	7	
407	372	53	162	
312	929	784	881	

130	1	19	0
154	364	206	347	119	192	212	292	100	84	10	444	
12	11	1	
444	10	154	
485	645	881	

130	1	21	0
181	357	348	398	140	309	19	42	436	31	178	365	
12	11	10	
365	178	31	
416	1054	596	

130	1	23	0
270	91	345	20	288	447	96	402	127	54	145	368	
12	11	10	9	-99	11	6	
368	145	54	127	481	145	447	
402	721	568	3157	11893	1679	15626	

131	1	6	0
251	37	272	35	268	109	127	378	90	131	337	427	
7	9	12	11	-300	-100 -500	8	
127	90	427	337	481	481	481	378	
1061	395	645	659	2359	7799	5259	978	

131	1	10	0
342	34	211	147	53	465	6	343	283	397	350	108	
1	3	12	2	6	-300	
342	211	108	34	465	481	
888	631	638	610	1255	9297	

131	1	12	0
384	82	464	65	228	220	242	354	190	167	443	297	
12	1	9	-100	7	-500	
297	384	190	481	242	481	
513	575	610	818	1290	4017	

131	1	15	0
469	191	244	3	390	216	345	445	327	441	36	239	
12	10	-300	-800	-800	-99	8	9	4	
239	441	481	481	481	481	445	327	3	
582	749	881	770	1408	10796	555	15903	3795	

131	1	19	0
234	331	389	376	21	316	198	410	434	367	11	413	
7	8	11	-99	9	1	3	12	
198	410	11	481	434	234	389	413	
451	353	693	1013	617	3982	4537	13176	

131	1	22	0
235	254	334	423	182	151	67	375	264	292	56	33	
12	9	4	3	-1500	12	3	
33	264	423	334	481	33	334	
527	575	659	596	7424	3816	1956	

131	1	24	0
30	396	189	414	308	213	125	447	116	29	411	280	
9	10	12	3	-100	
116	29	280	189	481	
555	797	1096	18811	12947	

131	1	13	0
118	123	193	459	207	212	68	351	97	303	279	12	
12	11	8	3	-100	
12	279	351	193	481	
735	562	673	1991	16195	

131	1	20	0
92	48	149	124	438	429	177	341	188	103	412	155	
7	9	12	11	10	-99	-200	11	
177	188	155	412	103	481	481	412	
874	777	735	506	1436	1540	3559	10678	

133	1	7	0
315	148	118	146	264	421	203	75	122	34	90	296	
11	12	10	1	
90	296	34	315	
832	631	2588	2497	

133	1	9	0
200	83	458	252	381	120	145	77	309	340	98	238	
11	12	9	10	
98	238	309	340	
541	610	1387	811	

133	1	11	0
278	380	411	459	328	29	152	57	259	409	202	333	
11	12	9	10	6	5	-100	
202	333	259	409	29	328	481	
1013	763	1255	1228	6800	7438	5884	

133	1	13	0
131	183	387	378	59	65	14	168	190	58	99	223	
10	11	12	4	9	
58	99	223	378	190	
1144	562	568	763	20566	

133	1	17	0
313	326	241	78	231	114	52	449	462	64	19	290	
11	12	10	4	
19	290	64	78	
832	499	603	8423	

133	1	19	0
212	31	230	343	399	255	288	23	263	303	476	351	
12	11	10	9	2	
351	476	303	263	31	
1498	992	922	1255	7799	

133	1	23	0
244	158	383	299	426	468	280	404	20	432	187	357	
11	12	10	9	
187	357	432	20	
1311	610	888	5675	

133	1	3	0
155	156	408	121	62	450	327	249	46	418	124	480	
11	12	10	2	9	11	2	1	
124	480	418	156	46	124	156	155	
936	527	659	1137	1887	8375	3365	3448	

133	1	12	0
227	304	277	300	164	141	56	176	147	221	82	285	
12	11	9	-800	
285	82	147	481	
770	527	1068	12184	

133	1	18	0
396	390	287	310	63	330	467	453	119	262	247	335	
11	12	10	9	-900	
247	335	262	119	481	
1047	638	589	922	2192	

134	1	10	0
360	129	344	419	293	147	124	390	172	301	137	132	
12	11	9	7	
132	137	172	124	
1068	721	3164	1026	

134	1	13	0
42	306	77	148	386	255	179	222	304	16	188	237	
9	11	12	1	
304	188	237	42	
1949	971	888	18949	

134	1	16	0
83	21	140	190	352	282	203	319	445	286	65	295	
11	12	2	10	-100	
65	295	21	286	481	
1325	860	700	9478	8416	

134	1	19	0
406	98	322	429	191	20	355	223	181	50	112	186	
12	11	1	5	3	8	
186	112	406	191	322	223	
1020	804	784	1054	2345	8340	

134	1	21	0
229	51	455	359	432	153	395	241	198	94	61	417	
11	9	12	10	7	
61	198	417	94	395	
3240	1089	721	978	28733	

134	1	24	0
354	388	47	138	22	103	60	62	173	317	73	221	
12	10	11	
221	317	73	
777	728	943	

134	1	17	0
248	436	404	403	82	346	37	336	446	364	334	470	
12	11	9	-100	
470	334	446	481	
929	624	721	32952	

134	1	22	0
292	382	52	315	280	281	425	434	478	127	415	7	
11	12	7	
415	7	425	
652	1026	534	

136	1	5	0
473	168	97	322	30	124	66	162	236	371	116	360	
12	11	-99	10	-99	
360	116	481	371	481	
1262	908	6071	10324	24327	

136	1	7	0
61	390	386	281	83	341	478	208	47	52	165	76	
12	10	11	4	
76	52	165	281	
645	846	943	4926	

136	1	10	0
218	280	350	57	232	315	115	284	277	321	221	449	
12	10	9	
449	321	277	
1346	700	1255	

136	1	14	0
213	305	262	29	394	475	156	175	234	59	185	210	
12	8	1	5	6	-99	
210	175	213	394	475	481	
1214	638	1422	14314	12330	4260	

136	1	16	0
105	320	361	191	340	432	243	190	295	154	369	195	
10	11	12	
154	369	195	
1158	680	589	

136	1	19	0
3	335	81	237	429	366	227	63	299	159	466	181	
10	11	12	-400	
159	466	181	481	
1013	763	1429	4350	

136	1	21	0
28	391	448	96	15	114	201	250	51	11	188	264	
10	11	12	8	
11	188	264	250	
818	638	874	3642	

136	1	23	0
395	430	86	222	260	119	6	344	407	16	436	290	
11	12	10	9	
436	290	16	407	
582	659	693	11913	

136	1	6	0
425	338	400	343	98	101	467	60	89	160	33	310	
12	10	-100	
310	160	481	
950	825	26832	

136	1	8	0
376	347	288	428	289	291	266	446	454	326	258	99	
12	11	10	1	-100	
99	258	326	376	481	
749	728	666	18963	10706	

136	1	20	0
122	194	293	286	150	152	64	161	149	433	235	405	
12	11	10	
405	235	433	
728	832	645	

137	1	4	0
149	385	343	30	421	440	125	74	256	117	41	197	
12	11	8	3	10	6	
197	41	74	343	117	440	
985	1491	1720	1706	1915	5204	

137	1	6	0
162	268	12	40	160	432	351	209	363	239	443	327	
12	11	10	5	8	2	
327	443	239	160	209	268	
1242	1311	1602	1686	5065	11705	

137	1	9	0
98	433	227	400	386	288	285	193	207	17	404	243	
12	11	9	5	4	1	
243	404	207	386	400	98	
1006	1484	1935	1686	1977	5141	

137	1	12	0
173	447	1	241	413	240	129	93	347	181	130	302	
12	11	10	6	
302	130	181	240	
1242	1332	1498	13884	

137	1	14	0
395	196	470	274	350	480	357	322	178	277	372	442	
12	11	10	-100	3	
442	372	277	481	470	
839	1242	1817	9395	19574	

137	1	17	0
141	155	62	145	325	324	65	121	213	42	377	63	
12	11	10	9	2	
63	377	42	213	155	
1075	1172	1609	1700	26755	

137	1	20	0
80	119	414	407	444	244	280	423	349	139	281	383	
12	11	10	7	6	
383	281	139	280	244	
964	1401	1769	3587	27428	

137	1	3	0
427	86	46	177	134	362	301	142	90	290	29	321	
11	12	2	10	
29	321	86	290	
908	1498	1547	1783	

137	1	5	0
218	5	4	75	308	36	468	313	192	87	64	299	
12	9	11	7	6	2	3	
299	192	64	468	36	5	4	
1325	2171	2046	2095	2948	14321	1561	

137	1	7	0
250	102	345	182	212	230	60	170	49	18	39	425	
12	11	10	5	-100	7	-100	
425	39	18	212	481	60	481	
936	1637	1353	1811	5634	11664	11053	

137	1	10	0
43	59	101	452	168	437	2	179	336	226	48	356	
12	11	10	5	2	1	9	
356	48	226	168	59	43	336	
1040	1235	1637	1387	11324	5009	3955	

137	1	13	0
83	245	300	401	85	238	426	199	361	378	234	472	
12	11	9	4	5	6	
472	234	361	401	85	238	
797	1262	1304	1360	1651	1637	

137	1	15	0
189	6	200	469	110	111	54	94	344	380	269	99	
12	11	8	
99	269	94	
735	1484	3851	

137	1	18	0
435	394	161	51	294	53	109	310	466	366	33	445	
12	11	1	5	3	
445	33	435	294	161	
888	2255	1852	2484	3150	

137	1	21	0
449	352	312	257	339	68	11	293	283	201	328	460	
12	10	11	1	2	4	
460	201	328	449	352	257	
797	1096	1498	1575	1422	1804	

137	1	23	0
106	259	37	247	214	144	337	84	296	371	387	477	
12	11	7	10	3	4	
477	387	337	371	37	247	
1124	1269	1533	1595	6106	28906	

138	1	3	0
38	294	223	140	401	287	75	327	72	264	314	21	
12	11	5	4	
21	314	401	140	
908	381	666	7348	

138	1	9	0
265	288	415	138	158	92	305	306	254	205	372	240	
11	12	6	
372	240	92	
1769	721	26055	

138	1	11	0
321	58	256	91	220	181	336	437	449	417	458	209	
12	11	10	8	6	5	
209	458	417	437	181	220	
742	777	2407	2615	2373	721	

138	1	14	0
427	248	325	303	49	295	180	110	169	269	289	3	
12	11	10	-99	-1100	-1100	12	7	
3	289	269	481	481	481	3	180	
1033	610	2595	1748	20	124	8354	4808	

138	1	16	0
167	112	90	445	436	366	277	73	398	234	31	473	
12	2	-99	6	
473	112	481	366	
999	2352	3649	6987	

138	1	22	0
56	365	250	224	395	284	213	62	34	77	279	218	
12	11	8	6	11	
218	279	62	284	279	
277	707	624	3205	5106	

139	1	4	0
158	150	404	323	233	259	419	175	113	393	155	19	
12	11	7	9	5	6	
19	155	419	113	233	259	
1033	818	714	1082	23369	6806	

139	1	7	0
120	129	255	212	363	89	441	153	291	474	192	186	
12	10	11	9	4	1	
186	474	192	291	212	120	
908	957	617	1214	4260	5717	

139	1	9	0
355	295	283	453	187	68	241	470	207	347	52	184	
12	11	9	4	6	7	
184	52	207	453	68	241	
846	804	1221	10914	7466	1561	

139	1	11	0
394	122	178	149	480	400	209	74	1	307	43	292	
12	10	11	-100	
292	307	43	481	
1047	999	1179	21503	

139	1	14	0
463	415	374	398	75	105	305	139	26	416	266	200	
12	9	10	11	
200	26	416	266	
964	1124	763	1221	

139	1	16	0
321	49	468	16	143	231	36	222	318	21	440	35	
12	11	9	5	-99	6	1	2	
35	440	318	143	481	231	321	49	
1047	1068	1228	2296	1769	4558	11171	1131	

139	1	18	0
146	310	447	327	396	348	414	55	133	126	397	406	
12	11	10	9	8	1	2	4	5	
406	397	126	133	55	146	310	327	396	
707	1020	1346	1436	1096	2449	1561	24993	915	

139	1	20	0
337	2	168	152	30	90	435	375	144	60	333	134	
12	10	11	7	-100	
134	60	333	435	481	
693	1068	1020	5752	16243	

139	1	24	0
84	366	208	98	81	351	408	137	423	39	365	428	
12	11	10	8	6	
428	365	39	137	351	
617	1318	1360	1346	1214	

139	1	12	0
141	136	361	20	163	66	449	47	289	132	80	112	
12	11	-99	6	5	4	3	
112	80	481	66	163	20	361	
999	1165	2109	2289	1450	1269	7209	

139	1	15	0
242	352	479	183	399	173	276	373	282	359	417	218	
12	11	9	3	
218	417	282	479	
929	825	2414	6626	

139	1	21	0
6	433	476	234	127	85	226	427	336	357	63	298	
12	11	10	8	4	5	6	1	
298	63	357	427	234	127	85	6	
742	1075	1131	1061	2164	1582	10068	17617	

140	1	4	0
319	381	444	150	80	226	42	476	40	400	274	336	
7	8	10	12	11	
42	476	400	336	274	
652	575	659	1228	1235	

140	1	6	0
234	464	232	15	292	323	8	113	199	22	149	339	
11	12	3	2	
149	339	232	464	
867	686	1186	15258	

140	1	9	0
253	227	115	268	140	222	348	353	175	82	70	359	
1	12	11	9	5	
253	359	70	175	140	
603	721	735	3372	4017	

140	1	11	0
301	326	189	172	291	258	158	43	182	310	5	155	
10	12	11	6	
310	155	5	258	
631	784	624	1346	

140	1	14	0
376	406	110	233	216	321	469	33	119	66	418	200	
1	2	12	11	3	
376	406	200	418	110	
985	499	957	1575	978	

140	1	17	0
23	100	183	79	64	83	123	153	468	254	135	117	
11	12	10	5	6	
135	117	254	64	83	
749	451	437	922	832	

140	1	19	0
28	98	91	36	250	16	131	263	278	77	379	442	
9	10	11	2	
278	77	379	98	
804	437	943	2962	

140	1	21	0
31	220	37	105	128	13	125	385	382	378	371	180	
9	10	12	11	7	
382	378	180	371	125	
284	582	686	749	1013	

140	1	25	0
394	116	252	275	387	47	204	315	402	271	212	144	
8	10	11	12	7	
315	271	212	144	204	
610	575	659	1131	10290	

140	1	3	0
137	411	298	316	430	57	148	436	447	17	238	75	
11	12	9	10	
238	75	447	17	
728	784	1068	777	

140	1	7	0
389	122	328	27	106	124	50	349	102	88	306	207	
10	12	
88	207	
999	784	

140	1	10	0
294	399	127	229	419	277	126	141	472	368	288	29	
4	6	9	2	
229	277	472	399	
1762	818	4690	2948	

140	1	12	0
60	266	313	331	343	176	248	101	282	327	161	160	
4	5	7	
331	343	248	
610	596	1422	

140	1	15	0
441	194	308	270	351	147	211	74	479	437	163	361	
10	11	12	9	4	6	
437	163	361	479	270	147	
680	457	478	874	492	10852	

140	1	18	0
103	370	3	111	473	342	445	230	39	120	428	443	
1	5	12	4	
103	473	443	111	
1026	680	624	686	

140	1	20	0
202	195	422	201	41	303	85	435	311	49	14	72	
7	8	1	11	-700	
85	435	202	14	481	
888	714	582	1006	1915	

141	1	5	0
455	11	160	269	145	55	454	83	371	153	198	234	
10	12	4	-100	
153	234	269	481	
2733	721	1332	12815	

141	1	7	0
122	440	391	445	150	302	100	318	239	99	410	108	
11	12	-99	-100	
410	108	481	481	
1873	1477	1700	5703	

141	1	9	0
67	97	214	257	218	468	8	343	367	448	126	13	
12	11	6	
13	126	468	
2768	1276	1915	

141	1	11	0
195	294	425	236	190	441	333	337	216	426	314	413	
8	11	12	9	
337	314	413	216	
1283	1824	1637	8957	

141	1	14	0
200	250	251	46	256	283	405	287	208	80	103	79	
11	12	1	
103	79	200	
2338	1915	8902	

141	1	16	0
383	313	156	350	322	248	270	378	348	393	469	355	
10	11	12	-99	1	
393	469	355	481	383	
1457	1429	1588	6120	28851	

141	1	18	0
295	443	125	408	140	369	90	334	14	224	388	229	
1	12	11	
295	229	388	
1672	1797	1956	

141	1	20	0
148	479	242	403	223	344	53	123	134	453	105	446	
1	2	3	6	12	
148	479	242	344	446	
1228	1151	1082	1228	1283	

141	1	23	0
147	260	327	427	366	182	38	324	152	361	308	196	
12	1	2	8	7	12	6	
196	147	260	324	38	196	182	
1436	1554	1838	1873	18283	12142	5911	

141	1	6	0
183	439	428	319	199	114	143	76	364	138	245	328	
9	11	12	6	8	2	3	
364	245	328	114	76	439	428	
1582	1110	1089	2102	10893	3379	12635	

141	1	8	0
233	359	289	456	306	285	438	101	163	332	379	192	
12	9	-200	5	
192	163	481	306	
1512	1200	1644	6154	

141	1	10	0
119	60	65	417	411	460	209	480	415	21	414	380	
1	10	3	
119	21	65	
3365	1616	16916	

141	1	12	0
82	254	477	144	130	10	398	326	396	465	212	75	
9	10	12	
396	465	75	
1207	2470	1866	

141	1	19	0
59	121	315	41	330	178	29	407	312	463	63	303	
1	2	7	10	12	
59	121	29	463	303	
1207	1165	1554	1658	1526	

141	1	24	0
116	402	357	320	12	435	102	61	179	93	436	213	
12	-100	1	2	3	10	
213	481	116	402	357	93	
2858	1776	1831	1630	1887	3851	

143	1	8	0
361	50	401	12	106	437	102	334	369	447	81	404	
12	10	11	3	-99	5	9	
404	447	81	401	481	106	369	
860	985	1103	1186	2192	9526	5356	

143	1	10	0
143	41	66	268	22	95	159	152	186	355	109	308	
10	11	12	6	
355	109	308	95	
1137	1033	999	1110	

143	1	15	0
457	207	96	45	399	43	77	348	13	421	83	469	
10	11	12	9	
421	83	469	13	
777	839	950	1124	

143	1	17	0
383	472	72	155	307	235	411	324	448	204	301	191	
11	12	10	1	2	
301	191	204	383	472	
804	707	1561	1387	1394	

143	1	19	0
4	273	389	23	189	418	17	35	285	187	67	46	
-1000	10	12	9	1	-100	2	
481	187	46	285	4	481	273	
763	867	1124	1054	1047	1075	1179	

143	1	18	0
217	420	194	85	309	157	15	91	409	181	146	363	
11	12	10	5	4	6	
146	363	181	309	85	157	
541	1124	1353	1915	922	1394	

146	1	8	0
130	189	60	32	468	116	106	85	228	396	434	246	
10	12	11	
396	246	434	
936	763	811	

146	1	10	0
409	294	83	48	71	155	102	68	25	131	56	418	
12	11	-99	6	4	3	
418	56	481	155	48	83	
298	1040	999	2574	5141	1720	

146	1	12	0
370	22	205	456	99	184	135	400	150	475	187	218	
12	11	10	
218	187	475	
749	409	513	

146	1	15	0
263	222	448	171	437	30	253	73	34	297	338	192	
12	11	10	-300	
192	338	297	481	
652	520	437	41334	

146	1	17	0
347	394	423	355	442	154	471	146	231	176	24	178	
12	11	5	6	
178	24	442	154	
929	492	409	2678	

146	1	20	0
361	190	132	452	335	236	323	160	89	45	58	82	
12	11	10	2	3	
82	58	45	190	132	
388	582	756	1124	693	

146	1	22	0
257	388	332	125	339	238	37	9	210	378	10	460	
-300	11	10	4	-200	
481	10	378	125	481	
680	770	714	2546	3351	

146	1	24	0
474	440	386	300	424	214	304	295	77	334	330	249	
12	10	11	8	9	-99	
249	334	330	295	77	481	
575	922	728	1144	1575	4489	

146	1	3	0
136	53	381	309	380	384	242	170	51	282	193	265	
12	10	9	
265	282	51	
818	714	1394	

146	1	9	0
143	6	174	262	362	360	42	233	7	356	293	221	
12	11	10	8	-99	-100	
221	293	356	233	481	481	
541	680	818	1325	13905	24237	

146	1	13	0
127	225	81	229	168	227	202	344	93	147	266	383	
12	11	9	-100	3	
383	266	93	481	81	
527	735	2567	5870	6695	

146	1	16	0
290	302	237	145	90	420	209	281	134	375	165	141	
12	11	10	
141	165	375	
610	568	506	

146	1	18	0
180	310	108	367	230	472	206	40	21	307	195	349	
11	9	12	-200	
195	21	349	481	
610	555	1248	19435	

147	1	8	0
79	195	203	231	207	211	329	411	118	337	164	156	
-99	11	4	-100	1	-100	10	
481	164	231	481	79	481	337	
2241	867	5641	4489	12468	12378	3615	

147	1	12	0
336	423	420	289	454	237	175	163	180	362	18	112	
12	11	8	6	-100	-100	
112	18	163	237	481	481	
818	673	964	666	10422	19470	

147	1	14	0
40	301	356	369	132	14	82	288	418	106	3	230	
12	11	7	6	9	
230	3	82	14	418	
777	825	1179	1075	3219	

147	1	18	0
438	235	348	73	259	267	15	347	383	397	286	194	
12	10	11	9	1	2	
194	397	286	383	438	235	
770	811	1061	1013	12441	1248	

147	1	23	0
218	84	201	387	279	81	137	375	148	405	300	346	
12	10	6	8	2	11	3	
346	405	81	375	84	300	201	
763	943	1706	2220	1866	11587	15501	

147	1	25	0
154	209	97	139	264	258	318	280	324	460	410	340	
12	11	1	5	6	12	3	
340	410	154	264	258	340	97	
666	922	1248	915	1040	4524	12524	

147	1	13	0
310	462	453	17	322	278	358	298	42	31	440	36	
11	12	10	-100	1	10	11	-100	
440	36	31	481	310	31	440	481	
784	1096	1075	2380	2178	1408	3774	15091	

147	1	19	0
263	250	61	172	152	382	316	181	158	421	93	479	
11	12	5	10	4	11	
93	479	152	421	172	93	
1054	1193	1131	1006	9540	11462	

147	1	15	0
178	381	226	262	13	33	227	330	6	68	200	179	
10	11	12	9	
68	200	179	6	
811	1006	1075	1068	

148	1	4	0
292	55	93	134	14	251	363	66	456	191	337	65	
12	11	10	9	-100	4	11	-100	-100	
65	337	191	456	481	134	337	481	481	
950	1018	813	705	7826	1077	2723	8835	2370	

148	1	8	0
261	237	147	334	54	53	192	50	197	21	68	121	
12	5	10	11	7	
121	54	21	68	192	
1263	1018	724	1077	1400	

148	1	13	0
224	342	26	281	196	391	280	71	301	200	172	267	
12	11	10	9	5	11	
267	172	200	301	196	172	
1616	822	1224	793	1342	12979	

148	1	15	0
326	361	202	159	169	442	463	211	355	206	203	156	
11	12	10	5	8	
203	156	206	169	211	
1635	724	754	803	1890	

148	1	17	0
404	86	432	33	194	219	338	83	375	406	446	459	
12	6	11	7	9	10	-99	3	
459	219	446	338	375	406	481	432	
1724	1018	852	1351	1312	1116	23157	2713	

148	1	20	0
59	23	287	274	424	28	384	415	412	335	318	99	
12	11	6	9	2	3	2	
99	318	28	412	23	287	23	
1488	989	1116	1234	1635	1136	6866	

148	1	23	0
297	256	4	271	139	10	12	276	161	418	7	371	
10	11	12	7	6	12	
418	7	371	12	10	371	
1704	773	724	705	930	6504	

148	1	3	0
473	15	34	218	77	362	145	217	379	126	115	454	
9	10	11	12	2	-100	
379	126	115	454	15	481	
568	1204	705	871	2566	5231	

148	1	9	0
449	41	385	3	212	189	262	39	61	382	185	331	
11	12	7	6	9	12	
185	331	262	189	61	331	
1459	950	822	1753	1342	5593	

148	1	21	0
420	215	472	226	360	368	31	13	392	414	381	122	
12	9	10	11	12	1	
122	392	414	381	122	420	
1077	1234	783	901	4290	2889	

149	1	4	0
405	260	158	236	331	239	19	275	351	232	461	373	
11	12	10	8	3	
461	373	232	275	158	
1361	1244	14390	8022	15820	

149	1	8	0
291	92	191	346	348	106	209	319	317	225	344	117	
11	12	10	5	4	6	
344	117	225	348	346	106	
1067	852	999	1861	1410	38302	

149	1	11	0
280	159	126	415	210	133	91	118	114	24	252	175	
12	11	10	9	12	
175	252	24	114	175	
1185	1077	1244	1567	38860	

149	1	13	0
54	147	428	122	161	243	123	366	59	265	89	131	
10	11	12	6	-100	10	
265	89	131	243	481	265	
871	734	930	1057	18034	7787	

149	1	15	0
48	224	448	184	417	350	185	204	3	194	95	217	
12	10	11	2	1	3	12	6	
217	194	95	224	48	448	217	350	
1665	1018	1616	12372	1547	1547	2497	10795	

149	1	18	0
282	242	445	424	326	341	5	345	432	170	271	105	
11	-99	10	
271	481	170	
1087	1028	1939	

149	1	22	0
314	462	321	99	256	164	476	157	269	71	434	474	
11	12	10	6	2	1	
434	474	71	164	462	314	
862	871	1273	1929	22893	9247	

149	1	24	0
446	471	349	128	463	466	183	365	237	287	370	188	
10	-99	12	9	3	
287	481	188	237	349	
568	607	715	1675	10128	

149	1	3	0
308	393	193	316	235	167	121	294	453	144	206	469	
11	12	2	1	8	
206	469	393	308	294	
2076	1753	2096	6102	29446	

149	1	5	0
433	327	259	268	31	277	279	77	135	174	110	26	
12	10	11	6	2	5	
26	174	110	277	327	31	
1351	1038	1106	1635	18298	1900	

149	1	14	0
177	96	229	141	87	6	180	450	149	328	475	29	
12	11	-99	7	12	
29	475	481	180	29	
2253	646	822	1312	17593	

149	1	16	0
75	72	107	79	64	297	399	165	290	181	376	295	
12	11	10	
295	376	181	
1028	891	1586	

149	1	19	0
375	21	385	392	140	162	60	190	340	413	102	173	
10	11	12	4	2	
413	102	173	392	21	
754	969	1146	1322	22354	

149	1	25	0
430	74	298	274	16	36	342	112	137	205	313	82	
12	11	9	4	1	
82	313	137	274	430	
862	911	2155	1469	38811	

132	1	4	0
179	315	419	9	454	72	7	342	468	204	193	310	
12	11	3	5	11	
310	193	419	454	193	
382	666	13440	5857	1106	

132	1	11	0
280	52	282	83	88	79	228	213	36	241	403	346	
12	3	11	8	-200	4	5	6	
346	282	403	213	481	83	88	79	
950	813	1067	969	6484	11725	675	1959	

132	1	13	0
17	353	5	156	118	60	281	222	238	206	39	392	
12	11	10	7	10	
392	39	206	281	206	
323	695	489	842	6622	

132	1	20	0
366	207	26	40	112	305	255	480	440	337	262	44	
11	12	10	2	
262	44	337	207	
852	675	675	8737	

132	1	22	0
271	90	330	274	196	236	38	478	466	203	413	214	
11	1	12	-1700	-99	
413	271	214	481	481	
225	773	1528	8150	3947	

132	1	3	0
221	250	180	160	144	81	398	138	190	89	417	316	
12	11	-99	
316	417	481	
715	538	842	

132	1	12	0
287	253	390	415	431	110	295	161	216	292	237	354	
12	11	10	5	6	1	
354	237	292	431	110	287	
558	568	773	1067	822	11970	

135	1	6	0
169	224	6	233	452	155	81	83	280	216	47	92	
12	1	2	5	3	9	10	-99	
92	169	224	452	6	280	216	481	
1204	1332	715	705	842	2791	7023	8267	

135	1	9	0
65	247	465	439	103	437	56	408	270	23	70	387	
12	4	2	1	5	3	8	6	12	-200	
387	439	247	65	103	465	408	437	387	481	
1087	1165	940	577	1616	2919	2742	2106	1116	16986	

135	1	11	0
319	36	332	8	152	380	80	188	240	363	225	182	
12	11	8	7	-99	2	
182	225	188	80	481	36	
999	656	715	813	11196	3281	

135	1	13	0
424	235	301	236	66	53	361	349	88	377	468	356	
12	11	1	10	4	-99	1	7	
356	468	424	377	236	481	424	361	
646	695	636	3095	3585	2370	6524	5005	

135	1	15	0
30	254	144	456	426	414	258	145	156	337	415	196	
12	10	11	-400	
196	337	415	481	
724	734	1038	3232	

135	1	17	0
12	168	10	72	392	291	215	122	114	473	229	269	
12	-99	1	3	4	-99	11	-1600	
269	481	12	10	72	481	229	481	
803	509	1214	1312	1106	4839	9012	7102	

135	1	20	0
372	323	447	157	15	469	296	259	299	446	277	174	
12	-99	10	6	5	4	
174	481	446	469	15	157	
813	842	783	822	1998	1185	

135	1	23	0
381	399	431	2	440	94	425	396	402	134	313	355	
12	11	3	2	-99	-99	
355	313	431	399	481	481	
1410	1097	1949	1067	1968	8022	

135	1	25	0
266	217	187	221	86	68	109	400	100	190	209	57	
12	11	7	-99	10	
57	209	109	481	190	
460	528	744	5182	23588	

135	1	7	0
359	34	404	343	289	470	171	245	242	163	256	243	
12	10	2	1	4	5	6	12	
243	163	34	359	343	289	470	243	
1018	950	1116	1146	1665	2693	2409	9149	

135	1	10	0
432	76	137	436	453	37	108	398	206	459	133	466	
-99	1	-99	
481	432	481	
1371	1508	6592	

135	1	14	0
113	378	82	429	385	370	90	201	32	300	170	433	
10	12	11	1	2	7	4	10	-99	
300	433	170	113	378	90	429	300	481	
1391	480	1136	636	715	1655	2733	2811	15693	

135	1	24	0
139	230	64	420	321	191	111	325	339	451	200	158	
12	7	9	11	8	10	
158	111	339	200	325	451	
685	568	1077	1175	1488	1890	

150	1	4	0
362	97	121	297	127	48	448	306	350	452	237	170	
11	12	10	8	-100	
237	170	452	306	481	
822	871	1586	2860	13067	

150	1	10	0
201	132	98	196	249	182	191	383	428	154	128	160	
11	10	12	9	6	
128	154	160	428	182	
2115	695	724	489	2174	

150	1	12	0
2	161	280	164	292	339	376	389	479	264	38	30	
11	12	10	8	3	4	
38	30	264	389	280	164	
1097	401	411	764	10922	2840	

150	1	14	0
40	208	343	349	403	42	447	35	269	329	83	380	
9	10	5	12	11	6	3	
269	329	403	380	83	42	343	
1244	577	1077	636	862	3624	5995	

150	1	17	0
25	393	257	453	210	414	311	52	391	333	263	430	
-99	12	-1400	2	10	
481	430	481	393	333	
431	1018	480	950	1880	

150	1	19	0
468	9	34	184	73	278	397	444	446	11	32	118	
11	12	10	8	3	2	1	4	
32	118	11	444	34	9	468	184	
1420	411	1087	1939	2654	1136	15428	15898	

150	1	21	0
266	84	194	133	57	275	92	214	173	139	250	348	
9	-1400	12	
173	481	348	
999	480	489	

150	1	24	0
62	68	290	36	54	258	159	471	102	411	422	193	
11	12	9	
422	193	102	
1028	1567	8267	

150	1	3	0
105	467	205	151	94	228	203	284	82	394	171	338	
12	11	10	9	
338	171	394	82	
822	440	411	852	

150	1	15	0
176	99	305	317	187	371	46	436	312	465	245	307	
10	11	12	1	5	
465	245	307	176	187	
754	421	382	822	597	

150	1	25	0
309	304	234	400	374	276	241	189	340	111	458	23	
11	12	8	5	9	10	
458	23	189	374	340	111	
979	705	764	1165	24421	3124	

151	1	5	0
240	348	423	111	234	247	8	14	375	258	428	322	
9	12	10	-100	
375	322	258	481	
1067	862	891	24705	

151	1	7	0
98	158	442	33	256	235	305	202	472	367	290	255	
11	12	
290	255	
1028	832	

151	1	9	0
325	166	120	159	199	233	260	343	224	133	30	404	
-200	12	10	-100	
481	404	133	481	
881	940	4457	16760	

151	1	12	0
438	320	383	425	193	386	285	379	374	110	324	76	
11	12	9	
324	76	374	
1048	1351	1910	

151	1	14	0
28	122	408	91	336	85	478	65	63	217	176	332	
12	11	8	
332	176	65	
1420	2576	14370	

151	1	17	0
140	248	19	356	66	371	353	5	118	306	464	207	
12	11	
207	464	
1273	1302	

151	1	19	0
331	281	476	246	403	226	198	57	339	130	139	393	
11	12	-100	-800	6	-1500	4	
139	393	481	481	226	481	246	
1332	920	2576	4075	10873	3624	6259	

151	1	23	0
382	388	115	341	440	378	238	11	333	93	370	125	
-99	12	-99	-1000	
481	125	481	481	
822	1518	18592	2811	

151	1	25	0
412	181	225	189	351	252	72	20	174	131	170	101	
11	12	-700	11	
170	101	481	170	
1018	1851	9041	31582	

151	1	3	0
337	209	363	54	257	22	275	316	99	446	80	470	
10	10	11	12	-99	10	12	
446	446	80	470	481	446	470	
489	1224	734	764	4094	12832	16643	

151	1	8	0
237	419	26	106	340	187	94	236	441	152	338	455	
11	12	9	10	8	
338	455	441	152	236	
724	871	1018	1214	3957	

151	1	10	0
213	228	36	83	44	283	116	220	355	230	391	262	
11	12	10	1	-99	
391	262	230	213	481	
901	1126	1146	1547	30915	

151	1	13	0
218	443	10	462	123	60	232	327	422	146	163	42	
11	12	10	-99	
163	42	146	481	
1018	1273	1175	4829	

151	1	18	0
47	461	448	3	265	6	291	244	314	84	354	53	
12	-99	8	
53	481	244	
1136	1459	1577	

151	1	20	0
208	313	426	358	223	266	447	78	352	156	162	69	
11	12	9	-100	
162	69	352	481	
1557	1087	1312	19209	

152	1	4	0
278	409	74	206	299	113	221	87	388	88	400	168	
12	11	-99	7	7	-99	12	
168	400	481	221	221	481	168	
1283	724	881	822	6563	5054	4300	

152	1	8	0
357	310	455	200	172	60	158	160	376	10	167	59	
12	10	11	9	8	7	1	
59	10	167	376	160	158	357	
1018	538	558	235	734	1175	2821	

152	1	10	0
266	225	65	44	212	431	248	394	317	71	303	237	
7	8	11	12	5	1	
248	394	303	237	212	266	
1586	764	431	597	911	2302	

152	1	13	0
9	422	81	145	466	124	449	123	365	356	15	149	
6	5	11	-99	8	-300	-500	
124	466	15	481	123	481	481	
1861	871	705	1753	1420	4751	4848	

152	1	16	0
244	413	82	320	232	159	184	313	174	210	256	36	
-500	12	5	9	-600	-100	8	
481	36	232	174	481	481	313	
1028	626	920	754	3193	1998	5417	

152	1	20	0
262	285	38	360	94	286	117	391	261	348	151	401	
4	9	10	11	12	-1500	
360	261	348	151	401	481	
1743	382	734	607	519	891	

152	1	22	0
458	340	292	61	378	157	273	233	473	153	295	27	
-99	6	7	11	12	-500	11	
481	157	273	295	27	481	295	
950	656	636	852	607	6817	16143	

152	1	25	0
69	129	155	457	78	443	263	415	380	102	384	29	
10	11	12	6	7	-200	5	
102	384	29	443	263	481	78	
1312	744	489	431	920	7885	11373	

152	1	5	0
70	235	139	433	79	312	362	77	154	325	3	371	
12	11	9	10	-99	5	4	
371	3	154	325	481	79	433	
1263	626	519	656	3105	34197	1782	

152	1	11	0
353	131	239	459	383	373	247	300	337	447	122	144	
9	10	12	2	
337	447	144	131	
2448	2155	1097	26272	

152	1	17	0
352	199	152	375	243	161	381	403	193	324	32	429	
1	10	11	12	9	-99	2	12	
352	324	32	429	193	481	199	429	
1106	1106	382	724	793	1900	6024	2066	

153	1	9	0
383	437	261	382	427	9	126	73	219	177	176	149	
-99	10	-99	9	3	11	-300	3	9	
481	177	481	219	261	176	481	261	219	
754	577	607	607	538	744	6004	25822	3389	

153	1	11	0
161	420	368	170	266	106	27	330	237	264	172	6	
1	2	11	-200	12	9	3	
161	420	172	481	6	237	368	
1048	577	715	568	626	14840	24744	

153	1	13	0
180	480	268	349	302	232	336	277	462	339	25	211	
1	2	3	11	12	-99	11	3	
180	480	268	25	211	481	25	268	
950	480	715	871	685	8953	6661	6406	

153	1	15	0
151	267	61	390	376	342	44	63	365	350	407	58	
1	2	10	5	-200	3	
151	267	350	376	481	61	
813	626	842	2762	7533	6974	

153	1	19	0
62	295	179	275	477	379	132	470	70	412	465	48	
-600	2	11	3	12	-600	10	1	12	
481	295	465	179	48	481	412	62	48	
460	617	607	1214	1067	3134	440	1939	9521	

153	1	21	0
205	280	386	381	322	291	89	357	49	218	64	347	
-1900	10	11	12	-1600	10	12	2	
481	218	64	347	481	218	347	280	
862	509	577	558	960	1067	6671	4897	

153	1	23	0
43	447	208	454	310	125	428	296	354	4	251	402	
1	2	3	4	12	
43	447	208	454	402	
822	411	577	901	715	

153	1	25	0
220	95	294	371	178	171	369	464	375	303	400	273	
11	12	1	2	-1500	11	12	1	
400	273	220	95	481	400	273	220	
519	617	2008	1381	2243	12832	3457	3222	

153	1	16	0
309	283	362	104	26	317	430	156	252	113	348	313	
1	12	2	10	3	5	
309	313	283	113	362	26	
793	636	1097	930	8698	8757	

153	1	18	0
57	210	135	288	450	40	285	45	260	3	120	457	
1	2	3	-99	2	12	11	7	
57	210	135	481	210	457	120	285	
509	754	793	901	1342	646	695	12440	

153	1	20	0
286	36	8	442	231	192	331	311	150	257	380	270	
11	12	1	3	-99	6	11	2	
380	270	286	8	481	192	380	36	
284	528	656	617	685	724	7366	9168	

153	1	22	0
279	449	81	411	53	395	406	131	433	298	146	318	
1	2	10	-600	-600	
279	449	298	481	481	
568	1244	930	881	117	

154	1	4	0
374	449	279	215	69	337	100	466	75	18	342	168	
10	11	1	12	
18	342	374	168	
943	506	950	811	

154	1	6	0
190	360	274	108	235	240	23	267	33	120	76	61	
2	8	12	
360	267	61	
1568	555	645	

154	1	9	0
204	189	273	464	469	300	385	480	85	124	333	84	
1	2	3	4	-99	10	
204	189	273	464	481	124	
742	652	444	513	610	513	

154	1	12	0
301	107	328	26	291	202	49	80	275	381	250	165	
6	-99	8	-99	12	
202	481	80	481	165	
846	659	409	506	402	

154	1	14	0
369	2	183	268	116	289	305	122	314	379	320	364	
6	7	8	-99	10	-99	
289	305	122	481	379	481	
645	575	548	589	492	534	

154	1	17	0
312	433	11	476	437	13	348	400	208	410	299	98	
-400	2	3	4	12	
481	433	11	476	98	
652	513	582	617	541	

154	1	19	0
172	217	366	159	50	178	227	475	123	456	212	31	
11	12	6	7	-200	
212	31	178	227	481	
527	568	1165	1741	825	

154	1	21	0
243	321	139	403	278	355	310	391	175	416	29	53	
4	12	11	
403	53	29	
957	2386	2407	

154	1	23	0
155	221	292	445	335	255	284	375	59	199	99	307	
10	8	11	12	-100	-100	
199	375	99	307	481	481	
1727	457	582	527	13329	686	

154	1	15	0
70	55	103	344	65	41	277	219	371	296	92	295	
9	-99	11	12	
371	481	92	295	
555	603	548	811	

154	1	20	0
387	167	242	429	225	245	154	104	281	313	439	411	
-99	11	12	7	9	
481	439	411	154	281	
943	464	513	4468	1665	

154	1	24	0
36	298	356	30	119	457	384	334	233	332	106	420	
-2100	10	11	12	4	3	
481	332	106	420	30	356	
506	582	659	742	2754	11941	

155	1	6	0
174	5	103	102	460	112	161	38	408	146	76	434	
11	12	-99	6	-100	
76	434	481	112	481	
1422	839	2102	1748	7542	

155	1	8	0
46	109	128	101	359	251	331	269	150	417	69	126	
12	8	-99	-200	10	-500	
126	269	481	481	417	481	
1616	804	2019	2421	12815	1373	

155	1	10	0
346	456	318	246	201	311	291	200	3	137	333	197	
10	-99	-100	-100	
137	481	481	481	
902	534	888	2081	

155	1	13	0
56	191	77	263	423	411	149	292	385	173	153	395	
2	-99	12	10	5	4	
191	481	395	173	423	263	
1838	659	520	846	839	6050	

155	1	15	0
344	436	182	239	267	185	229	18	323	310	157	125	
1	12	11	7	3	-99	
344	125	157	229	182	481	
1436	603	777	2720	6307	1526	

155	1	17	0
319	428	203	181	232	259	315	352	217	430	422	355	
12	5	-100	11	
355	232	481	422	
853	659	735	756	

155	1	20	0
21	116	79	446	444	257	8	122	343	470	448	70	
1	5	9	11	12	5	-99	10	2	
21	444	343	448	70	444	481	470	116	
1248	603	756	617	825	1852	2865	5759	6439	

155	1	22	0
281	24	196	414	15	23	113	341	426	393	52	61	
-99	1	2	3	4	5	11	-100	
481	281	24	196	414	15	52	481	
1790	1450	714	617	638	603	2095	707	

155	1	25	0
479	206	114	51	353	450	327	14	348	338	43	86	
11	-99	1	2	8	9	
43	481	479	206	14	348	
575	700	624	624	1054	784	

155	1	9	0
237	303	187	312	268	188	455	100	216	475	282	123	
3	11	10	1	9	3	-100	12	7	-99	
187	282	475	237	216	187	481	123	455	481	
1235	867	1512	811	1006	1026	582	1394	1790	3295	

155	1	16	0
180	199	330	40	115	290	356	111	133	236	243	65	
11	12	-700	7	-99	6	5	11	
243	65	481	356	481	290	115	243	
721	485	742	589	582	3323	541	6772	

155	1	18	0
409	221	41	220	170	363	388	186	289	36	204	165	
12	1	2	4	-99	-99	-1300	3	
165	409	221	220	481	481	481	41	
1200	1006	367	596	4864	2227	3497	2560	

155	1	23	0
104	127	399	407	476	91	342	66	463	278	439	82	
12	11	6	-100	
82	439	91	481	
777	423	1054	895	

156	1	4	0
434	19	223	325	175	424	346	151	410	18	345	32	
2	3	12	4	2	
19	223	32	325	19	
666	631	575	638	1103	

156	1	6	0
38	195	437	59	472	383	359	422	84	442	76	154	
8	9	12	11	
422	84	154	76	
430	485	596	582	

156	1	10	0
232	236	149	159	414	364	217	185	97	94	119	162	
10	11	12	-500	
94	119	162	481	
444	686	922	617	

156	1	13	0
432	129	128	69	286	221	281	457	300	440	267	310	
8	10	11	12	12	-500	
457	440	267	310	310	481	
846	527	714	825	26533	9575	

156	1	16	0
231	111	296	269	321	92	309	114	446	392	47	141	
-100	11	12	8	
481	47	141	114	
582	686	548	610	

156	1	18	0
20	289	115	24	192	361	316	288	205	476	53	343	
-99	10	11	12	
481	476	53	343	
444	527	582	666	

156	1	21	0
78	125	299	318	399	42	63	435	420	402	82	411	
6	7	8	-1700	
42	63	435	481	
534	485	631	444	

156	1	25	0
353	33	379	143	280	240	320	421	220	244	367	356	
-99	12	1	10	
481	356	353	244	
839	555	992	804	

156	1	3	0
327	298	366	245	71	373	164	241	246	37	438	349	
11	12	10	
438	349	37	
388	555	673	

156	1	5	0
304	70	60	168	202	387	216	120	147	194	336	381	
12	10	7	
381	194	216	
673	770	1963	

156	1	7	0
134	249	272	108	390	138	135	368	11	27	57	275	
8	11	-99	10	-99	
368	57	481	27	481	
596	763	464	534	624	

156	1	17	0
90	419	274	48	328	174	45	109	475	418	139	103	
10	11	-99	7	
418	139	481	45	
451	548	485	2955	

156	1	19	0
222	427	13	354	317	88	287	254	313	156	56	342	
8	10	-100	12	
254	156	481	342	
534	568	527	735	

156	1	22	0
163	9	464	480	273	333	196	229	283	193	248	257	
7	9	-99	12	6	5	-100	
196	283	481	257	333	273	481	
1013	791	2359	3712	3559	5391	7473	

157	1	4	0
440	31	73	20	111	121	227	419	145	364	270	72	
12	11	8	1	
72	270	419	440	
1077	832	1322	7366	

157	1	7	0
456	333	255	166	142	91	200	319	196	457	367	10	
11	8	-99	6	
367	319	481	91	
2958	1136	1430	3115	

157	1	9	0
417	157	372	117	267	114	5	86	183	171	186	32	
12	12	5	-100	
32	32	267	481	
597	1753	7386	24382	

157	1	16	0
104	459	98	250	88	153	265	374	323	21	373	26	
10	11	12	5	
21	373	26	88	
1126	1214	1900	11715	

157	1	19	0
164	322	429	110	343	237	231	438	168	447	221	276	
12	10	11	2	
276	447	221	322	
764	842	2537	14703	

157	1	21	0
356	474	262	379	79	51	316	120	215	251	106	424	
11	12	9	6	
106	424	215	51	
558	783	940	3928	

157	1	23	0
139	376	422	162	152	118	80	327	89	446	278	68	
12	11	4	5	
68	278	162	152	
548	1773	1684	920	

157	1	17	0
253	222	345	212	46	476	441	1	339	390	242	123	
12	11	6	10	
123	242	476	390	
881	960	16261	5270	

157	1	20	0
266	144	351	198	184	434	480	264	23	22	302	341	
11	12	8	
302	341	264	
862	999	1763	

157	1	22	0
395	94	113	303	335	332	244	238	451	167	140	44	
12	5	4	9	-100	
44	335	303	451	481	
783	1831	813	1684	33551	

157	1	24	0
129	337	467	360	329	358	135	258	175	202	288	325	
12	10	-1000	
325	202	481	
1479	705	8306	

159	1	4	0
116	453	99	25	458	87	235	79	376	293	374	95	
1	5	-99	12	
116	458	481	95	
754	1586	636	1185	

159	1	7	0
415	421	309	133	325	267	233	292	170	113	107	310	
1	2	-99	5	
415	421	481	325	
2155	1822	1469	1449	

159	1	9	0
220	279	473	122	318	356	442	120	389	361	208	201	
1	2	-99	9	8	
220	279	481	389	120	
489	783	979	1224	1371	

159	1	11	0
307	427	326	154	291	205	64	139	256	450	480	41	
1	-200	4	-99	-99	11	8	
307	481	154	481	481	480	139	
323	480	881	705	764	1087	15252	

159	1	13	0
351	443	45	84	474	3	255	349	348	26	141	7	
6	2	8	9	10	
3	443	349	348	26	
1831	862	891	1116	1939	

159	1	16	0
426	268	396	85	226	185	68	98	451	459	262	164	
1	-99	4	9	-99	
426	481	85	451	481	
499	1782	1155	1244	1126	

159	1	23	0
245	204	42	232	353	333	327	38	320	5	145	161	
1	2	7	-99	12	-1000	
245	204	327	481	161	481	
793	577	920	822	1008	22550	

159	1	25	0
382	22	401	210	32	317	11	274	43	252	188	297	
1	5	8	4	-700	
382	32	274	210	481	
313	862	950	1381	1391	

159	1	8	0
33	462	372	156	445	265	167	263	53	363	180	340	
-99	4	3	5	9	11	
481	156	372	445	53	180	
470	568	754	969	930	3967	

159	1	12	0
206	18	251	218	266	362	165	302	335	111	178	314	
1	2	4	5	12	
206	18	218	266	314	
333	528	1028	783	1528	

159	1	14	0
283	447	312	257	175	416	244	14	88	153	17	287	
1	3	5	5	9	12	8	
283	312	175	175	88	287	14	
538	695	793	666	803	1165	2909	

159	1	17	0
378	65	352	304	62	296	75	355	115	101	394	237	
1	3	-600	6	2	
378	352	481	296	65	
666	675	1773	1322	1420	

159	1	24	0
231	104	346	377	405	142	399	213	151	375	147	422	
-400	3	6	9	8	12	
481	346	142	151	213	422	
715	587	715	773	891	5848	

711	1	4	0
173	423	179	32	357	216	436	71	246	149	68	259	
12	11	10	6	
259	68	149	216	
263	416	811	3580	

711	1	9	0
282	328	416	98	66	417	107	430	242	275	147	314	
12	11	-99	
314	147	481	
1193	867	6231	

711	1	14	0
386	443	88	324	89	91	21	172	420	231	153	160	
12	11	10	9	
160	153	231	420	
680	645	1075	3046	

711	1	18	0
449	263	227	404	363	78	281	418	308	301	384	393	
12	11	9	10	
393	384	308	301	
527	430	666	638	

711	1	20	0
218	299	159	414	378	116	292	360	322	304	342	317	
12	11	-100	
317	342	481	
555	603	1471	

711	1	22	0
170	93	412	426	457	306	184	171	402	365	239	235	
12	11	
235	239	
437	673	

711	1	25	0
350	87	15	126	70	201	364	353	144	23	277	341	
12	10	-1600	
341	23	481	
562	499	575	

711	1	3	0
261	123	232	42	108	345	441	27	198	137	471	84	
12	-100	
84	481	
374	1595	

711	1	10	0
422	337	127	163	335	124	165	62	226	103	38	286	
12	11	
286	38	
631	721	

711	1	15	0
210	376	447	467	389	294	43	379	466	398	113	352	
12	11	1	
352	113	210	
437	804	10623	

711	1	23	0
475	164	334	419	295	155	101	136	347	434	439	303	
12	10	11	1	
303	434	439	475	
256	534	464	5904	

104	1	5	0
320	86	435	378	224	454	35	188	233	41	318	157	
11	12	9	-99	
318	157	233	481	
777	541	728	15813	

104	1	8	0
265	419	78	93	87	184	229	195	428	178	116	10	
12	11	9	10	-99	-400	3	
10	116	428	178	481	481	78	
1269	562	527	652	527	5287	6834	

104	1	10	0
127	98	364	314	174	267	273	438	385	316	246	381	
-99	11	12	-99	-100	6	
481	246	381	481	481	267	
582	763	444	895	1325	11677	

104	1	16	0
3	97	421	341	285	63	425	74	26	193	382	129	
11	12	9	
382	129	26	
763	777	700	

104	1	18	0
85	42	242	410	337	362	350	270	70	256	276	31	
9	10	11	12	4	
70	256	276	31	410	
645	673	416	1297	818	

104	1	20	0
268	144	94	110	266	43	340	185	477	321	361	326	
10	11	12	9	6	-500	
321	361	326	477	43	481	
950	430	485	568	1269	6092	

104	1	24	0
21	305	441	198	162	471	358	442	259	146	394	403	
6	8	10	11	12	1	
471	442	146	394	403	21	
541	423	506	464	589	1235	

104	1	3	0
309	82	143	16	288	23	200	180	201	199	62	84	
11	12	9	8	-99	-200	
62	84	201	180	481	481	
485	575	735	1672	13315	5897	

104	1	6	0
67	290	191	432	222	216	480	418	119	281	208	375	
10	11	12	7	
281	208	375	480	
1366	693	610	1013	

104	1	9	0
335	443	292	434	181	243	140	423	304	211	405	366	
10	11	12	9	-600	6	
211	405	366	304	481	243	
707	464	825	659	1297	6786	

104	1	17	0
147	232	383	356	414	319	245	445	278	437	408	297	
10	11	12	9	
437	408	297	278	
770	582	700	534	

104	1	25	0
349	255	313	247	283	363	347	322	353	429	196	8	
7	8	9	10	12	
347	322	353	429	8	
596	541	562	360	645	

101	1	4	0
96	77	278	383	299	229	450	11	91	56	253	367	
12	9	-99	6	8	7	5	-100	
367	91	481	229	11	450	299	481	
1124	1110	1221	922	1332	2726	7597	11712	

101	1	7	0
351	323	451	298	122	182	70	258	413	259	440	4	
12	11	1	11	10	
4	440	351	440	259	
992	714	603	6661	9568	

101	1	9	0
8	437	27	98	130	387	92	155	200	322	337	165	
12	11	10	4	-99	4	
165	337	322	98	481	98	
582	527	589	367	964	30204	

101	1	11	0
434	75	175	399	68	358	13	439	301	290	168	55	
11	12	9	10	
168	55	301	290	
680	624	659	444	

101	1	16	0
400	427	145	49	274	327	368	320	137	32	468	191	
12	6	11	10	-1700	12	
191	327	468	32	481	191	
2310	721	652	603	2657	4732	

101	1	19	0
46	362	283	61	224	270	178	188	201	405	192	52	
12	10	9	5	1	8	-99	12	
52	405	201	224	46	188	481	52	
1075	714	645	721	596	2546	3066	8819	

101	1	24	0
453	349	448	435	104	120	67	418	209	190	204	218	
10	11	12	2	-99	
190	204	218	349	481	
846	548	548	686	10845	

101	1	8	0
28	133	280	266	247	187	31	271	339	373	241	17	
3	4	-700	12	11	2	1	
280	266	481	17	241	133	28	
395	409	791	1332	825	5093	999	

101	1	10	0
406	103	433	379	361	458	355	407	221	317	215	314	
12	11	10	2	1	
314	215	317	103	406	
791	610	867	7660	1484	

109	1	3	0
110	180	368	90	219	329	385	155	285	85	360	59	
12	11	8	9	10	6	
59	360	155	285	85	329	
978	874	1110	1311	10845	18505	

109	1	10	0
103	203	451	327	462	188	37	4	167	238	123	195	
12	1	2	-300	4	3	9	
195	103	203	481	327	451	167	
1831	888	1068	1512	2317	10768	13828	

109	1	11	0
210	340	405	200	421	105	474	257	401	29	126	25	
-99	9	10	11	
481	401	29	126	
499	1207	1380	1741	

109	1	14	0
157	28	338	344	258	172	284	58	351	386	382	332	
1	2	3	7	12	11	
157	28	338	284	332	382	
1609	624	645	707	1540	17860	

109	1	16	0
231	253	335	389	446	163	89	431	414	349	67	333	
12	9	3	6	8	
333	414	335	163	431	
1214	791	1290	1103	1727	

109	1	18	0
133	227	56	232	445	237	217	477	291	357	453	381	
12	7	8	-400	
381	217	477	481	
1748	825	1498	5287	

109	1	21	0
314	336	98	117	54	456	21	261	371	334	466	321	
12	11	10	9	4	7	5	11	
321	466	334	371	117	21	54	466	
978	582	832	832	825	1290	950	9797	

109	1	22	0
287	108	70	199	101	457	154	10	308	207	278	93	
12	10	11	8	7	2	4	12	
93	207	278	10	154	108	199	93	
825	693	825	1040	915	985	1158	20476	

109	1	23	0
66	365	61	84	42	197	8	255	450	35	131	223	
11	12	9	10	
131	223	450	35	
1706	770	1124	1061	

109	1	25	0
7	354	234	318	162	64	5	397	9	49	468	443	
11	-99	7	6	11	
468	481	5	64	468	
3184	1575	1866	2012	10657	

